epoch,loss,mean_absolute_error,mean_squared_error,val_loss,val_mean_absolute_error,val_mean_squared_error
0,727.876953125,20.824840545654297,727.876953125,3876.64013671875,45.08230209350586,3876.64013671875
1,78.44615936279297,6.737882614135742,78.44615936279297,35.1148796081543,4.7382307052612305,35.1148796081543
2,43.30353546142578,5.031571865081787,43.30353546142578,21.79451560974121,3.6929590702056885,21.79451560974121
3,36.487144470214844,4.479772567749023,36.487144470214844,53.854557037353516,4.722778797149658,53.854557037353516
4,34.560359954833984,4.418060779571533,34.560359954833984,34.38054656982422,4.957763671875,34.38054656982422
5,37.560829162597656,4.846028804779053,37.560829162597656,38.58280563354492,5.304330348968506,38.58280563354492
6,37.49771499633789,4.51560115814209,37.49771499633789,59.53706359863281,5.216315746307373,59.53706359863281
7,29.642030715942383,4.19286584854126,29.642030715942383,47.84663391113281,5.450546741485596,47.84663391113281
8,45.49299621582031,5.070530414581299,45.49299621582031,44.26718521118164,6.074220180511475,44.26718521118164
9,38.98591613769531,4.848068714141846,38.98591613769531,47.02411651611328,5.246883392333984,47.02411651611328
10,39.441959381103516,4.754685401916504,39.441959381103516,15.39993667602539,2.969769239425659,15.39993667602539
11,35.194942474365234,4.588855743408203,35.194942474365234,43.94727325439453,4.852015018463135,43.94727325439453
12,37.95811080932617,4.611445426940918,37.95811080932617,22.17313003540039,4.1132025718688965,22.17313003540039
13,32.647464752197266,4.351316928863525,32.647464752197266,29.246719360351562,4.570128440856934,29.246719360351562
14,29.69339370727539,4.12083625793457,29.69339370727539,26.886520385742188,3.899446487426758,26.886520385742188
15,25.949459075927734,3.546574831008911,25.949459075927734,21.717615127563477,4.008427619934082,21.717615127563477
16,36.45035934448242,4.889562606811523,36.45035934448242,25.909273147583008,3.461177110671997,25.909273147583008
17,27.794437408447266,4.056063652038574,27.794437408447266,50.02439498901367,5.252645969390869,50.02439498901367
18,29.384553909301758,4.061385154724121,29.384553909301758,9.466639518737793,2.5118017196655273,9.466639518737793
19,23.751916885375977,3.6408658027648926,23.751916885375977,122.13894653320312,9.769387245178223,122.13894653320312
20,44.721473693847656,5.03952693939209,44.721473693847656,94.17335510253906,8.126919746398926,94.17335510253906
21,46.670711517333984,4.979520320892334,46.670711517333984,18.0308780670166,3.4861562252044678,18.0308780670166
22,6273.91845703125,47.180171966552734,6273.91845703125,18930.8046875,120.06987762451172,18930.8046875
23,2488.136474609375,35.165767669677734,2488.136474609375,434951.90625,178.07083129882812,434951.90625
24,97.6783676147461,7.454598426818848,97.6783676147461,4961760.5,913.3800659179688,4961760.5
25,48.258323669433594,5.6961236000061035,48.258323669433594,18969536.0,1607.5849609375,18969536.0
26,48.21409606933594,5.408548355102539,48.21409606933594,5704658.0,587.6207275390625,5704658.0
27,51.544776916503906,5.221373081207275,51.544776916503906,133687824.0,4259.9599609375,133687824.0
28,44.533199310302734,5.160963535308838,44.533199310302734,3411130368.0,23336.642578125,3411130368.0
29,37.74178695678711,4.669822692871094,37.74178695678711,7457955328.0,43119.0390625,7457955328.0
30,45.60483169555664,5.2936835289001465,45.60483169555664,6255248384.0,21576.80859375,6255248384.0
31,48.37582015991211,5.317689895629883,48.37582015991211,19151210496.0,52255.6796875,19151210496.0
32,45.74741744995117,5.239540100097656,45.74741744995117,8429109248.0,31951.0078125,8429109248.0
33,40.77517318725586,4.80592679977417,40.77517318725586,1804884608.0,19249.568359375,1804884608.0
34,39.06344985961914,4.870471477508545,39.06344985961914,9111819264.0,30168.654296875,9111819264.0
35,50.31424331665039,5.388437271118164,50.31424331665039,4256512512.0,23372.109375,4256512512.0
36,43.169273376464844,4.95168399810791,43.169273376464844,25384337408.0,65901.1484375,25384337408.0
37,41.459129333496094,4.872117519378662,41.459129333496094,16379537408.0,63757.6015625,16379537408.0
38,39.09479904174805,4.908225059509277,39.09479904174805,8693800960.0,33823.0859375,8693800960.0
39,33.8562126159668,4.490204811096191,33.8562126159668,22692679680.0,72054.4921875,22692679680.0
40,40.944236755371094,4.923483848571777,40.944236755371094,4314340864.0,32660.353515625,4314340864.0
41,38.10806655883789,4.640633583068848,38.10806655883789,12655442944.0,74385.25,12655442944.0
42,36.48194122314453,4.4285993576049805,36.48194122314453,56705433600.0,132015.53125,56705433600.0
43,38.408226013183594,4.527142524719238,38.408226013183594,14344803328.0,49167.32421875,14344803328.0
44,43.06356430053711,5.095304489135742,43.06356430053711,97227522048.0,160615.796875,97227522048.0
45,44.90720748901367,5.196946144104004,44.90720748901367,114165632.0,4091.04052734375,114165632.0
46,38.933929443359375,4.597033500671387,38.933929443359375,464230144.0,5745.7021484375,464230144.0
47,41.15283203125,4.9037556648254395,41.15283203125,6568271.0,928.09033203125,6568271.0
48,34.155616760253906,4.490257263183594,34.155616760253906,709819584.0,9552.859375,709819584.0
49,43.281681060791016,4.963201999664307,43.281681060791016,208733152.0,4226.15234375,208733152.0
50,40.80652618408203,4.844952583312988,40.80652618408203,1499703.875,734.5701904296875,1499703.875
51,469.932373046875,14.895058631896973,469.932373046875,168288736.0,3153.678955078125,168288736.0
52,263.3271179199219,9.269084930419922,263.3271179199219,13494.16796875,32.798187255859375,13494.16796875
53,41.477142333984375,4.6600751876831055,41.477142333984375,63.706600189208984,5.8563761711120605,63.706600189208984
54,35.731956481933594,4.467813968658447,35.731956481933594,25.694808959960938,3.7240500450134277,25.694808959960938
55,41.06465148925781,4.85682487487793,41.06465148925781,923.5435180664062,12.82288932800293,923.5435180664062
56,39.921913146972656,4.627691745758057,39.921913146972656,18975726.0,1181.1204833984375,18975726.0
57,38.705322265625,4.574769496917725,38.705322265625,1473455.0,404.3658447265625,1473455.0
58,40.19949722290039,4.729222774505615,40.19949722290039,34559812.0,1613.7510986328125,34559812.0
59,40.503562927246094,4.892135143280029,40.503562927246094,244547456.0,7356.0791015625,244547456.0
60,38.75624465942383,4.576383113861084,38.75624465942383,783365.125,407.254150390625,783365.125
61,36.19503402709961,4.538600444793701,36.19503402709961,282881760.0,4403.24609375,282881760.0
62,36.752288818359375,4.518362522125244,36.752288818359375,456200192.0,7928.46875,456200192.0
63,40.9958381652832,4.851775646209717,40.9958381652832,426949760.0,7463.2490234375,426949760.0
64,42.415889739990234,4.887508869171143,42.415889739990234,5924359168.0,28537.09375,5924359168.0
65,37.62720489501953,4.691348552703857,37.62720489501953,8028060160.0,35406.30078125,8028060160.0
66,33.64360046386719,4.443221092224121,33.64360046386719,5076198912.0,26356.001953125,5076198912.0
67,38.60006332397461,4.693035125732422,38.60006332397461,91925159936.0,79072.46875,91925159936.0
68,37.15023422241211,4.609425067901611,37.15023422241211,5454368256.0,25692.9453125,5454368256.0
69,39.189903259277344,4.652951240539551,39.189903259277344,4884048896.0,40332.8046875,4884048896.0
70,39.63554382324219,4.739985466003418,39.63554382324219,641421312.0,10484.4453125,641421312.0
71,40.79119873046875,4.872316837310791,40.79119873046875,7705062912.0,44734.3203125,7705062912.0
72,38.90208053588867,4.678369522094727,38.90208053588867,38598434816.0,70819.0,38598434816.0
73,40.93851089477539,4.823672294616699,40.93851089477539,578756928.0,10320.7138671875,578756928.0
74,34.06062698364258,4.507094383239746,34.06062698364258,2422650112.0,26298.369140625,2422650112.0
75,37.16046905517578,4.604916095733643,37.16046905517578,1389353600.0,12296.7470703125,1389353600.0
76,34.408023834228516,4.556288242340088,34.408023834228516,3417091840.0,27742.025390625,3417091840.0
77,39.35075378417969,4.7667927742004395,39.35075378417969,1771782784.0,14504.1328125,1771782784.0
78,38.749732971191406,4.807411193847656,38.749732971191406,727550784.0,11451.2900390625,727550784.0
79,32.20756149291992,4.308737277984619,32.20756149291992,242346544.0,5342.87890625,242346544.0
80,35.61759948730469,4.5874714851379395,35.61759948730469,4982345216.0,29314.16015625,4982345216.0
81,34.18410110473633,4.466982841491699,34.18410110473633,851930624.0,11756.7314453125,851930624.0
82,37.148075103759766,4.642319679260254,37.148075103759766,1240593152.0,9018.455078125,1240593152.0
83,37.28872299194336,4.679258346557617,37.28872299194336,289450848.0,6251.70361328125,289450848.0
84,40.73115158081055,4.810718059539795,40.73115158081055,313677568.0,7040.2080078125,313677568.0
85,35.40738296508789,4.484392166137695,35.40738296508789,1142002560.0,14390.365234375,1142002560.0
86,38.969215393066406,4.775848865509033,38.969215393066406,1289386752.0,12266.498046875,1289386752.0
87,33.669464111328125,4.4423136711120605,33.669464111328125,32130912256.0,75352.8984375,32130912256.0
88,34.362457275390625,4.506294250488281,34.362457275390625,13742575616.0,48748.265625,13742575616.0
89,37.94711685180664,4.726193428039551,37.94711685180664,19827611648.0,52853.11328125,19827611648.0
90,36.85459899902344,4.55663537979126,36.85459899902344,1057829568.0,7893.86474609375,1057829568.0
91,37.10628128051758,4.541149616241455,37.10628128051758,828835328.0,11271.4013671875,828835328.0
92,39.01879119873047,4.789820671081543,39.01879119873047,25299163136.0,49685.0703125,25299163136.0
93,38.73033142089844,4.754708290100098,38.73033142089844,4322397184.0,30421.529296875,4322397184.0
94,37.989681243896484,4.7278337478637695,37.989681243896484,127884736.0,3074.38330078125,127884736.0
95,35.265018463134766,4.486963748931885,35.265018463134766,552164544.0,9665.5068359375,552164544.0
96,38.295562744140625,4.655797958374023,38.295562744140625,1277551232.0,13135.09765625,1277551232.0
97,36.34749984741211,4.62247896194458,36.34749984741211,18952693760.0,59673.359375,18952693760.0
98,40.290130615234375,4.852057933807373,40.290130615234375,22894475264.0,53186.16015625,22894475264.0
99,38.09092712402344,4.712522983551025,38.09092712402344,3856596224.0,32487.0625,3856596224.0
100,39.0073127746582,4.704330921173096,39.0073127746582,799203328.0,11202.6953125,799203328.0
101,40.353477478027344,4.822860240936279,40.353477478027344,8077839360.0,36942.77734375,8077839360.0
102,35.678977966308594,4.4598493576049805,35.678977966308594,1153393792.0,18307.087890625,1153393792.0
103,33.323829650878906,4.462746620178223,33.323829650878906,3305600000.0,21665.416015625,3305600000.0
104,36.5816535949707,4.624345779418945,36.5816535949707,39676882944.0,60655.2109375,39676882944.0
105,37.48014831542969,4.627922534942627,37.48014831542969,6877052416.0,42485.94921875,6877052416.0
106,36.89902877807617,4.617733001708984,36.89902877807617,125241524224.0,147551.78125,125241524224.0
107,38.789649963378906,4.730982780456543,38.789649963378906,156895824.0,3645.6005859375,156895824.0
108,34.37921142578125,4.516744613647461,34.37921142578125,1573741056.0,17045.310546875,1573741056.0
109,37.0413703918457,4.668263912200928,37.0413703918457,69165129728.0,78510.1171875,69165129728.0
110,39.49435806274414,4.723939418792725,39.49435806274414,78144528384.0,76142.75,78144528384.0
111,40.07979965209961,4.851582050323486,40.07979965209961,11095696384.0,53752.1796875,11095696384.0
112,36.78965759277344,4.679298400878906,36.78965759277344,60094844928.0,91919.3828125,60094844928.0
113,35.52167892456055,4.547924041748047,35.52167892456055,25166583808.0,56190.3984375,25166583808.0
114,39.58951950073242,4.754985332489014,39.58951950073242,3952934912.0,24575.966796875,3952934912.0
115,33.668270111083984,4.433973789215088,33.668270111083984,3006892288.0,17884.501953125,3006892288.0
116,34.59410858154297,4.415614604949951,34.59410858154297,14134026240.0,48243.03125,14134026240.0
117,33.33789825439453,4.429487705230713,33.33789825439453,206616704.0,4750.0595703125,206616704.0
118,35.18749237060547,4.500432968139648,35.18749237060547,16855972864.0,53626.203125,16855972864.0
119,39.84648513793945,4.81671142578125,39.84648513793945,2442289408.0,16327.83984375,2442289408.0
120,37.408599853515625,4.6982221603393555,37.408599853515625,16465190912.0,55129.8671875,16465190912.0
121,31.852109909057617,4.3530755043029785,31.852109909057617,2533986048.0,24758.673828125,2533986048.0
122,34.944122314453125,4.505653381347656,34.944122314453125,15767904256.0,38803.8359375,15767904256.0
123,40.353271484375,4.87355899810791,40.353271484375,25027198976.0,60121.91796875,25027198976.0
124,36.70823669433594,4.673495769500732,36.70823669433594,353772192.0,8001.97998046875,353772192.0
125,34.16571044921875,4.400742530822754,34.16571044921875,111887310848.0,117331.1875,111887310848.0
126,32.13223648071289,4.3394694328308105,32.13223648071289,2480065536.0,18706.650390625,2480065536.0
127,40.0108528137207,4.815008640289307,40.0108528137207,15001232384.0,33972.01953125,15001232384.0
128,36.65202331542969,4.700011730194092,36.65202331542969,8514299392.0,34561.65234375,8514299392.0
129,39.33346939086914,4.7982563972473145,39.33346939086914,21230979072.0,56913.0625,21230979072.0
130,39.7396354675293,4.760783672332764,39.7396354675293,7129515008.0,43080.41015625,7129515008.0
131,37.91242599487305,4.684797763824463,37.91242599487305,460152640.0,8958.421875,460152640.0
132,41.53343963623047,4.916640758514404,41.53343963623047,1301497728.0,18529.962890625,1301497728.0
133,38.986534118652344,4.7094526290893555,38.986534118652344,90282434560.0,72879.0625,90282434560.0
134,34.81209182739258,4.518009662628174,34.81209182739258,22374977536.0,42190.53125,22374977536.0
135,34.397457122802734,4.517258644104004,34.397457122802734,80503136256.0,86271.3046875,80503136256.0
136,39.55257034301758,4.7120280265808105,39.55257034301758,1005081088.0,16617.59765625,1005081088.0
137,37.089256286621094,4.622549057006836,37.089256286621094,121817956352.0,106481.9296875,121817956352.0
138,33.946266174316406,4.414426326751709,33.946266174316406,2675794176.0,21122.0078125,2675794176.0
139,34.89959716796875,4.438904285430908,34.89959716796875,76061204480.0,90197.6875,76061204480.0
140,31.914852142333984,4.364707946777344,31.914852142333984,161890091008.0,132888.375,161890091008.0
141,37.22249984741211,4.685133934020996,37.22249984741211,6022149120.0,41224.51171875,6022149120.0
142,41.76152038574219,4.993844509124756,41.76152038574219,230650888192.0,124446.03125,230650888192.0
143,38.273799896240234,4.700791835784912,38.273799896240234,2272178944.0,23980.001953125,2272178944.0
144,35.41884231567383,4.605712890625,35.41884231567383,27826331648.0,42502.1875,27826331648.0
145,38.01829147338867,4.7485270500183105,38.01829147338867,27608006656.0,73099.8984375,27608006656.0
146,42.12130355834961,4.967679500579834,42.12130355834961,18947936256.0,50133.65625,18947936256.0
147,34.71811294555664,4.509213447570801,34.71811294555664,629409216.0,8542.3837890625,629409216.0
148,41.19071960449219,4.825525283813477,41.19071960449219,16063750144.0,38593.76171875,16063750144.0
149,37.67475509643555,4.67220401763916,37.67475509643555,35170300.0,1451.97802734375,35170300.0
150,36.02039337158203,4.504067897796631,36.02039337158203,325713248.0,7228.23291015625,325713248.0
151,33.353271484375,4.44747257232666,33.353271484375,192017600.0,5682.560546875,192017600.0
152,38.3457145690918,4.696923732757568,38.3457145690918,22362908672.0,61000.08984375,22362908672.0
153,34.2627067565918,4.436395645141602,34.2627067565918,2166223360.0,20296.583984375,2166223360.0
154,38.723079681396484,4.756168842315674,38.723079681396484,1841657344.0,19917.33203125,1841657344.0
155,39.61840057373047,4.850250244140625,39.61840057373047,27780286464.0,61293.15234375,27780286464.0
156,34.8776969909668,4.6852006912231445,34.8776969909668,2597884160.0,19722.08203125,2597884160.0
157,32.09634017944336,4.445509910583496,32.09634017944336,2070532608.0,22216.880859375,2070532608.0
158,36.129600524902344,4.5859880447387695,36.129600524902344,13176074240.0,33648.11328125,13176074240.0
159,34.21821212768555,4.539464950561523,34.21821212768555,7150044160.0,29066.9921875,7150044160.0
160,41.43070983886719,4.947970390319824,41.43070983886719,596114752.0,10390.3740234375,596114752.0
161,34.30253982543945,4.4842071533203125,34.30253982543945,221837312.0,5715.8662109375,221837312.0
162,38.61519241333008,4.75538969039917,38.61519241333008,5651524096.0,40210.56640625,5651524096.0
163,39.927921295166016,4.788132667541504,39.927921295166016,120150528.0,4435.2490234375,120150528.0
164,35.640438079833984,4.569408893585205,35.640438079833984,1485029760.0,18287.015625,1485029760.0
165,37.662025451660156,4.700488567352295,37.662025451660156,433670432.0,7379.37451171875,433670432.0
166,35.18535232543945,4.4662699699401855,35.18535232543945,324776544.0,8728.373046875,324776544.0
167,37.66333770751953,4.625213146209717,37.66333770751953,137621798912.0,129970.453125,137621798912.0
168,36.93583679199219,4.643948078155518,36.93583679199219,4850622976.0,23200.58203125,4850622976.0
169,41.85002517700195,4.92429780960083,41.85002517700195,45.734378814697266,5.563991546630859,45.734378814697266
170,38.23724365234375,4.663363933563232,38.23724365234375,290671296.0,5500.84130859375,290671296.0
171,34.95425033569336,4.555550575256348,34.95425033569336,416307808.0,8631.470703125,416307808.0
172,32.54867172241211,4.381715297698975,32.54867172241211,117226618880.0,138582.09375,117226618880.0
173,37.154319763183594,4.653438568115234,37.154319763183594,99366756352.0,105839.4375,99366756352.0
174,34.548789978027344,4.3808722496032715,34.548789978027344,432829152.0,10026.8095703125,432829152.0
175,35.87050247192383,4.538748741149902,35.87050247192383,95612133376.0,94928.34375,95612133376.0
176,38.78645324707031,4.819065570831299,38.78645324707031,169848635392.0,122761.7734375,169848635392.0
177,38.86268615722656,4.750593662261963,38.86268615722656,9921037312.0,34955.57421875,9921037312.0
178,37.147830963134766,4.660124778747559,37.147830963134766,5962888704.0,25854.623046875,5962888704.0
179,35.568607330322266,4.619715690612793,35.568607330322266,208311584.0,6691.3662109375,208311584.0
180,37.63639450073242,4.611123561859131,37.63639450073242,107239399424.0,130249.0703125,107239399424.0
181,37.445465087890625,4.684257984161377,37.445465087890625,350550208.0,7840.52392578125,350550208.0
182,35.60029602050781,4.5659871101379395,35.60029602050781,5014010880.0,25415.109375,5014010880.0
183,31.690858840942383,4.360813617706299,31.690858840942383,764148480.0,11700.58984375,764148480.0
184,37.42943572998047,4.703670024871826,37.42943572998047,66953375744.0,67681.234375,66953375744.0
185,36.47041320800781,4.590179920196533,36.47041320800781,1036689984.0,18044.837890625,1036689984.0
186,34.8853645324707,4.463622093200684,34.8853645324707,95014723584.0,90054.40625,95014723584.0
187,33.524166107177734,4.401151180267334,33.524166107177734,819138496.0,13959.302734375,819138496.0
188,34.832942962646484,4.561441421508789,34.832942962646484,7671216128.0,41630.875,7671216128.0
189,36.21648025512695,4.516437530517578,36.21648025512695,112817020928.0,122906.5703125,112817020928.0
190,37.10588455200195,4.641266345977783,37.10588455200195,735618368.0,12247.0361328125,735618368.0
191,37.54782485961914,4.6247477531433105,37.54782485961914,7974430720.0,37575.1171875,7974430720.0
192,37.790470123291016,4.642731666564941,37.790470123291016,398229408.0,10635.7158203125,398229408.0
193,31.377262115478516,4.4389119148254395,31.377262115478516,6830969344.0,34234.51171875,6830969344.0
194,40.990089416503906,4.879899978637695,40.990089416503906,571011520.0,12783.1025390625,571011520.0
195,38.067501068115234,4.713048934936523,38.067501068115234,5535063040.0,28464.751953125,5535063040.0
196,34.39881134033203,4.4745564460754395,34.39881134033203,36649107456.0,71936.65625,36649107456.0
197,34.83671569824219,4.537328720092773,34.83671569824219,35896864768.0,62322.68359375,35896864768.0
198,36.23904800415039,4.662971496582031,36.23904800415039,207249408000.0,117920.71875,207249408000.0
199,34.52647018432617,4.500820159912109,34.52647018432617,23905497088.0,68050.78125,23905497088.0
200,38.99116134643555,4.842296123504639,38.99116134643555,78100512.0,2147.720947265625,78100512.0
201,38.01311492919922,4.691344738006592,38.01311492919922,661316160.0,12660.0517578125,661316160.0
202,37.93418884277344,4.710949897766113,37.93418884277344,32451930.0,1457.390625,32451930.0
203,36.895748138427734,4.6049089431762695,36.895748138427734,547253568.0,10183.2060546875,547253568.0
204,37.21540832519531,4.620080947875977,37.21540832519531,189676994560.0,119037.0859375,189676994560.0
205,35.452484130859375,4.545788764953613,35.452484130859375,109430251520.0,85134.109375,109430251520.0
206,39.374908447265625,4.850290298461914,39.374908447265625,30388971520.0,57156.4140625,30388971520.0
207,39.277801513671875,4.7541117668151855,39.277801513671875,4152843264.0,36669.2265625,4152843264.0
208,40.47348403930664,4.766116142272949,40.47348403930664,1360299520.0,12335.26171875,1360299520.0
209,39.154056549072266,4.756948471069336,39.154056549072266,14482908160.0,41823.41015625,14482908160.0
210,37.61805725097656,4.769703388214111,37.61805725097656,13793856512.0,28488.982421875,13793856512.0
211,33.94359588623047,4.506097316741943,33.94359588623047,6845789184.0,35246.45703125,6845789184.0
212,32.85573196411133,4.429049015045166,32.85573196411133,310813440.0,6040.89453125,310813440.0
213,41.31223678588867,4.817288398742676,41.31223678588867,80178659328.0,108840.8203125,80178659328.0
214,34.67596435546875,4.530862808227539,34.67596435546875,88255280.0,2747.286376953125,88255280.0
215,36.69748306274414,4.576450824737549,36.69748306274414,1618971648.0,19550.79296875,1618971648.0
216,39.61894607543945,4.7687530517578125,39.61894607543945,173673807872.0,104918.21875,173673807872.0
217,35.11299514770508,4.484129428863525,35.11299514770508,13003380736.0,36124.74609375,13003380736.0
218,38.13213348388672,4.666570663452148,38.13213348388672,2978035456.0,28163.203125,2978035456.0
219,37.17223358154297,4.676260471343994,37.17223358154297,8901328896.0,35582.125,8901328896.0
