epoch,loss,mean_absolute_error,mean_squared_error,val_loss,val_mean_absolute_error,val_mean_squared_error
0,945.600830078125,21.93189811706543,945.600830078125,702.8734741210938,17.97113609313965,702.8734741210938
1,90.25366973876953,7.559715270996094,90.25366973876953,52.61014938354492,5.753157615661621,52.61014938354492
2,47.13310241699219,5.329776763916016,47.13310241699219,46.462059020996094,4.016641139984131,46.462059020996094
3,46.14521408081055,5.212085247039795,46.14521408081055,31.212459564208984,4.08227014541626,31.212459564208984
4,40.04324722290039,4.781742095947266,40.04324722290039,67.64041900634766,6.379410743713379,67.64041900634766
5,37.49684524536133,4.636469841003418,37.49684524536133,41.96553039550781,5.120293617248535,41.96553039550781
6,39.67018127441406,4.768425941467285,39.67018127441406,10.177380561828613,2.706446409225464,10.177380561828613
7,41.38210678100586,5.036144733428955,41.38210678100586,45.40373611450195,4.500086784362793,45.40373611450195
8,34.970916748046875,4.444177627563477,34.970916748046875,22501.921875,53.768985748291016,22501.921875
9,35.57953643798828,4.451888561248779,35.57953643798828,28.401412963867188,3.958948850631714,28.401412963867188
10,35.14384078979492,4.445627212524414,35.14384078979492,88.76439666748047,6.765772342681885,88.76439666748047
11,44.41065979003906,5.062105655670166,44.41065979003906,27.717920303344727,4.175246238708496,27.717920303344727
12,43.21488952636719,5.096683979034424,43.21488952636719,50.045955657958984,6.123487949371338,50.045955657958984
13,37.8823356628418,4.672862529754639,37.8823356628418,59.285247802734375,5.579653739929199,59.285247802734375
14,45.306941986083984,4.876588344573975,45.306941986083984,55.44278335571289,5.985970497131348,55.44278335571289
15,34.93923568725586,4.280844211578369,34.93923568725586,38.96906661987305,4.731107711791992,38.96906661987305
16,38.32137680053711,4.636895179748535,38.32137680053711,44.49251174926758,4.710428237915039,44.49251174926758
17,37.98405075073242,4.733119010925293,37.98405075073242,45.5394287109375,4.6537580490112305,45.5394287109375
18,41.60647964477539,4.936559677124023,41.60647964477539,97524.3125,79.72982788085938,97524.3125
19,47.3178596496582,5.274933338165283,47.3178596496582,513.3338623046875,12.817782402038574,513.3338623046875
20,53.9209098815918,5.38855504989624,53.9209098815918,23.274520874023438,4.243865489959717,23.274520874023438
21,47.883445739746094,5.253454685211182,47.883445739746094,23.85524559020996,3.4501774311065674,23.85524559020996
22,40.15888977050781,4.708370685577393,40.15888977050781,21.721040725708008,3.375195264816284,21.721040725708008
23,45.07073211669922,5.0557756423950195,45.07073211669922,12.713052749633789,3.164125919342041,12.713052749633789
24,53.01644515991211,5.319361209869385,53.01644515991211,20.35176658630371,3.8403208255767822,20.35176658630371
25,47.9347038269043,5.280277252197266,47.9347038269043,45.84726333618164,5.474184513092041,45.84726333618164
26,38.67378234863281,4.812572956085205,38.67378234863281,26.317819595336914,4.23096227645874,26.317819595336914
27,44.91244888305664,5.036055564880371,44.91244888305664,32.794883728027344,4.3883161544799805,32.794883728027344
28,43.307979583740234,4.88784646987915,43.307979583740234,22.51617431640625,3.894500255584717,22.51617431640625
29,39.266414642333984,4.753122806549072,39.266414642333984,42.8414306640625,5.04139518737793,42.8414306640625
30,38.61890411376953,4.547858715057373,38.61890411376953,32.019840240478516,4.401268482208252,32.019840240478516
31,36.08296585083008,4.569241046905518,36.08296585083008,47.34328079223633,6.100755214691162,47.34328079223633
32,46.21710205078125,5.125805854797363,46.21710205078125,56.28034591674805,5.055630683898926,56.28034591674805
33,51.50407028198242,5.449316024780273,51.50407028198242,54.63892364501953,5.805736541748047,54.63892364501953
34,50.91608428955078,5.385417938232422,50.91608428955078,58.30793380737305,5.412840843200684,58.30793380737305
35,44.3505744934082,4.9793171882629395,44.3505744934082,36.25788879394531,4.69439697265625,36.25788879394531
36,46.544857025146484,5.025730133056641,46.544857025146484,32.61091613769531,4.984905242919922,32.61091613769531
37,46.96152114868164,5.114132881164551,46.96152114868164,39.17430114746094,5.615588188171387,39.17430114746094
38,42.02165222167969,4.646904468536377,42.02165222167969,78.7678451538086,5.861164093017578,78.7678451538086
39,41.66869354248047,4.709585189819336,41.66869354248047,722869.5,412.01641845703125,722869.5
40,39.93742370605469,4.642988204956055,39.93742370605469,2082141.125,711.4869995117188,2082141.125
41,37.57719039916992,4.665570259094238,37.57719039916992,18.247312545776367,3.782594919204712,18.247312545776367
42,38.04927062988281,4.704233169555664,38.04927062988281,19.594053268432617,3.908477306365967,19.594053268432617
43,47.2249870300293,4.9390339851379395,47.2249870300293,42.206878662109375,4.469109535217285,42.206878662109375
44,54.15166091918945,5.364974498748779,54.15166091918945,25.724716186523438,4.00637674331665,25.724716186523438
45,40.537357330322266,4.722962379455566,40.537357330322266,923.6939086914062,13.122981071472168,923.6939086914062
46,35.85010528564453,4.384286880493164,35.85010528564453,47.95503616333008,5.085503578186035,47.95503616333008
47,35.015628814697266,4.525807857513428,35.015628814697266,713389.125,268.70916748046875,713389.125
48,39.27079772949219,4.7117018699646,39.27079772949219,966570.5,243.7626953125,966570.5
49,56.21324157714844,5.44744873046875,56.21324157714844,23.343170166015625,4.036124229431152,23.343170166015625
50,55.17446517944336,5.405948638916016,55.17446517944336,45.92405319213867,5.412997722625732,45.92405319213867
51,34.763023376464844,4.535424709320068,34.763023376464844,46.94373321533203,5.157040596008301,46.94373321533203
52,36.09051513671875,4.64840841293335,36.09051513671875,27.603273391723633,4.513943195343018,27.603273391723633
53,34.933372497558594,4.432582378387451,34.933372497558594,19.18524169921875,3.1552987098693848,19.18524169921875
54,34.16621780395508,4.459126949310303,34.16621780395508,18.359018325805664,3.749480724334717,18.359018325805664
55,36.20753479003906,4.62381649017334,36.20753479003906,30.533676147460938,4.685159683227539,30.533676147460938
56,30.642135620117188,4.337504863739014,30.642135620117188,22.772750854492188,4.105777740478516,22.772750854492188
57,38.358665466308594,4.791462421417236,38.358665466308594,49.85448455810547,5.213798999786377,49.85448455810547
58,40.39326858520508,4.7880754470825195,40.39326858520508,24.214208602905273,3.7324554920196533,24.214208602905273
59,41.108360290527344,4.929055213928223,41.108360290527344,33.51090621948242,4.324099063873291,33.51090621948242
60,37.98038864135742,4.740875720977783,37.98038864135742,79.22579193115234,7.164150238037109,79.22579193115234
61,38.52128982543945,4.683599948883057,38.52128982543945,17.215778350830078,3.7218050956726074,17.215778350830078
62,36.22992706298828,4.59181547164917,36.22992706298828,21.735824584960938,3.9419758319854736,21.735824584960938
63,38.054283142089844,4.687598705291748,38.054283142089844,60.82615661621094,6.073471546173096,60.82615661621094
64,31.085283279418945,4.33225679397583,31.085283279418945,23.485021591186523,3.9834792613983154,23.485021591186523
65,37.821380615234375,4.637012004852295,37.821380615234375,44.04087448120117,5.018712520599365,44.04087448120117
66,35.67922592163086,4.4850616455078125,35.67922592163086,20.218002319335938,3.8728628158569336,20.218002319335938
67,36.708614349365234,4.507809162139893,36.708614349365234,38.67972183227539,4.40587854385376,38.67972183227539
68,33.91670227050781,4.448404312133789,33.91670227050781,53.67367172241211,5.110427379608154,53.67367172241211
69,36.91204833984375,4.598620414733887,36.91204833984375,36.04725646972656,4.599727153778076,36.04725646972656
70,35.05195617675781,4.520649433135986,35.05195617675781,29.784149169921875,4.388200759887695,29.784149169921875
71,37.11591720581055,4.606390953063965,37.11591720581055,54.02729797363281,5.190298557281494,54.02729797363281
72,29.139476776123047,4.266102313995361,29.139476776123047,38.12764358520508,5.16466760635376,38.12764358520508
73,34.855712890625,4.411076068878174,34.855712890625,49.34678649902344,5.873143672943115,49.34678649902344
74,34.142547607421875,4.516622066497803,34.142547607421875,23.22142219543457,4.424493312835693,23.22142219543457
75,36.08222961425781,4.598056316375732,36.08222961425781,63.523502349853516,5.980868816375732,63.523502349853516
76,38.80770492553711,4.7265543937683105,38.80770492553711,15.295190811157227,3.4637815952301025,15.295190811157227
77,40.614402770996094,4.84372091293335,40.614402770996094,41.46198654174805,3.8214290142059326,41.46198654174805
78,37.24435043334961,4.722046375274658,37.24435043334961,29.79114532470703,4.091624736785889,29.79114532470703
79,38.285465240478516,4.710719585418701,38.285465240478516,38.106563568115234,5.051778316497803,38.106563568115234
80,40.63175582885742,4.884305477142334,40.63175582885742,27.29644012451172,3.9361495971679688,27.29644012451172
81,36.68768310546875,4.623762130737305,36.68768310546875,30.780614852905273,4.041551113128662,30.780614852905273
82,37.05131149291992,4.619040489196777,37.05131149291992,45.845523834228516,4.967353343963623,45.845523834228516
83,37.365684509277344,4.713825225830078,37.365684509277344,44.658203125,5.678828239440918,44.658203125
84,38.307884216308594,4.640949726104736,38.307884216308594,26.585918426513672,4.065047264099121,26.585918426513672
85,34.642417907714844,4.553350448608398,34.642417907714844,36.2692985534668,4.622562885284424,36.2692985534668
86,38.17198944091797,4.695692539215088,38.17198944091797,52.535099029541016,4.906674385070801,52.535099029541016
87,32.958091735839844,4.490564346313477,32.958091735839844,38.59516525268555,4.270578861236572,38.59516525268555
88,36.59565353393555,4.602703094482422,36.59565353393555,20.727584838867188,3.853229284286499,20.727584838867188
89,40.55342102050781,4.918150901794434,40.55342102050781,48.92340087890625,4.722900867462158,48.92340087890625
90,37.28665542602539,4.679783344268799,37.28665542602539,58.43869400024414,5.791144847869873,58.43869400024414
91,38.32999038696289,4.739058971405029,38.32999038696289,44.61148452758789,4.639444828033447,44.61148452758789
92,37.74608612060547,4.64401388168335,37.74608612060547,32.66075897216797,4.638612747192383,32.66075897216797
93,37.384788513183594,4.544338226318359,37.384788513183594,26.22934913635254,3.792444944381714,26.22934913635254
94,40.805789947509766,4.913027763366699,40.805789947509766,68.21178436279297,6.525144100189209,68.21178436279297
95,39.6268424987793,4.767891883850098,39.6268424987793,42.084861755371094,4.8834333419799805,42.084861755371094
96,36.9304084777832,4.5975542068481445,36.9304084777832,25.688722610473633,3.8682327270507812,25.688722610473633
97,36.17988586425781,4.564233303070068,36.17988586425781,46.83724594116211,5.073886871337891,46.83724594116211
98,39.641178131103516,4.807105541229248,39.641178131103516,19.47530746459961,2.796177864074707,19.47530746459961
99,38.95096969604492,4.796318054199219,38.95096969604492,26.78315544128418,4.111099720001221,26.78315544128418
100,39.76567077636719,4.829550266265869,39.76567077636719,26.983867645263672,4.122870922088623,26.983867645263672
101,36.86586380004883,4.664247512817383,36.86586380004883,31.22620391845703,4.7698493003845215,31.22620391845703
102,38.13439178466797,4.708972454071045,38.13439178466797,21.429611206054688,4.012326717376709,21.429611206054688
103,36.209651947021484,4.577268600463867,36.209651947021484,58.73018264770508,6.00598669052124,58.73018264770508
104,34.600032806396484,4.597254753112793,34.600032806396484,54.25587844848633,5.202743053436279,54.25587844848633
105,38.479732513427734,4.684373378753662,38.479732513427734,49.04899215698242,5.508893966674805,49.04899215698242
106,32.861942291259766,4.451052665710449,32.861942291259766,34.770999908447266,4.648022174835205,34.770999908447266
107,37.35753631591797,4.63284158706665,37.35753631591797,48.40691375732422,6.185997009277344,48.40691375732422
108,32.441078186035156,4.3526105880737305,32.441078186035156,36.39240264892578,4.568973541259766,36.39240264892578
109,31.496240615844727,4.3032917976379395,31.496240615844727,35.21005630493164,4.881239414215088,35.21005630493164
110,34.71117401123047,4.552818775177002,34.71117401123047,29.47140121459961,3.9752395153045654,29.47140121459961
111,35.5460090637207,4.5392255783081055,35.5460090637207,12.968111991882324,3.2245118618011475,12.968111991882324
112,38.66978073120117,4.726892948150635,38.66978073120117,33.20402908325195,4.452188968658447,33.20402908325195
113,35.7816162109375,4.588786602020264,35.7816162109375,47.81140899658203,5.371898174285889,47.81140899658203
114,36.08385467529297,4.588259220123291,36.08385467529297,9.963459014892578,2.7545418739318848,9.963459014892578
115,35.58006286621094,4.567219257354736,35.58006286621094,32.70878219604492,4.323463439941406,32.70878219604492
116,36.91926574707031,4.630526065826416,36.91926574707031,54.701717376708984,5.414496421813965,54.701717376708984
117,32.986568450927734,4.441465377807617,32.986568450927734,52.44197082519531,4.8073554039001465,52.44197082519531
118,36.76752471923828,4.619032859802246,36.76752471923828,51.09381103515625,5.421964645385742,51.09381103515625
119,36.42677688598633,4.5568156242370605,36.42677688598633,11.586960792541504,2.776489734649658,11.586960792541504
120,42.82686233520508,5.081838130950928,42.82686233520508,54.69316101074219,5.1717071533203125,54.69316101074219
121,33.73288345336914,4.3568806648254395,33.73288345336914,22.46622657775879,3.92038631439209,22.46622657775879
122,37.994144439697266,4.635441303253174,37.994144439697266,34.441314697265625,4.636256694793701,34.441314697265625
123,35.531288146972656,4.469027519226074,35.531288146972656,52.2649040222168,5.674145698547363,52.2649040222168
124,36.71092987060547,4.666406631469727,36.71092987060547,50.33982849121094,5.356295108795166,50.33982849121094
125,36.98213577270508,4.609382629394531,36.98213577270508,40.94944381713867,5.025688648223877,40.94944381713867
126,36.94107437133789,4.594814300537109,36.94107437133789,17.029008865356445,3.5257930755615234,17.029008865356445
127,34.61971664428711,4.511666297912598,34.61971664428711,35.81796646118164,4.921817779541016,35.81796646118164
128,36.57269287109375,4.704631328582764,36.57269287109375,12.53205394744873,2.982224941253662,12.53205394744873
129,36.521846771240234,4.557673931121826,36.521846771240234,23.565954208374023,4.285374641418457,23.565954208374023
130,38.118186950683594,4.726235389709473,38.118186950683594,70.60310363769531,6.616150379180908,70.60310363769531
131,35.66572952270508,4.54541540145874,35.66572952270508,27.752382278442383,4.039632797241211,27.752382278442383
132,36.0568733215332,4.670927047729492,36.0568733215332,25.777755737304688,3.7501189708709717,25.777755737304688
133,35.98874282836914,4.665916919708252,35.98874282836914,44.48724365234375,4.57229471206665,44.48724365234375
134,35.581214904785156,4.564326286315918,35.581214904785156,46.70628356933594,5.772117614746094,46.70628356933594
135,34.483619689941406,4.439955234527588,34.483619689941406,16.097370147705078,3.414919376373291,16.097370147705078
136,39.377098083496094,4.686959266662598,39.377098083496094,54.155303955078125,5.545831203460693,54.155303955078125
137,33.963504791259766,4.537527561187744,33.963504791259766,45.06976318359375,4.97849178314209,45.06976318359375
138,34.41337585449219,4.465137958526611,34.41337585449219,83.11259460449219,6.794430732727051,83.11259460449219
139,33.472434997558594,4.425106048583984,33.472434997558594,31.502185821533203,4.3022003173828125,31.502185821533203
140,34.708831787109375,4.424010276794434,34.708831787109375,62.987850189208984,5.908559799194336,62.987850189208984
141,36.35700988769531,4.621639251708984,36.35700988769531,18.11029815673828,3.6006217002868652,18.11029815673828
142,33.59980773925781,4.370537757873535,33.59980773925781,44.987152099609375,5.1799421310424805,44.987152099609375
143,40.17802810668945,4.7909417152404785,40.17802810668945,36.56575012207031,4.125536918640137,36.56575012207031
144,36.051963806152344,4.574869632720947,36.051963806152344,48.482177734375,4.919519424438477,48.482177734375
145,39.36173629760742,4.819132328033447,39.36173629760742,17.129915237426758,3.6333987712860107,17.129915237426758
146,40.69825744628906,4.838504314422607,40.69825744628906,30.367158889770508,4.220790863037109,30.367158889770508
147,37.6412239074707,4.652884483337402,37.6412239074707,49.726280212402344,5.2794718742370605,49.726280212402344
148,37.85358810424805,4.662529945373535,37.85358810424805,35.5535774230957,4.692821025848389,35.5535774230957
149,38.63433074951172,4.724523544311523,38.63433074951172,27.088523864746094,4.564200401306152,27.088523864746094
150,37.86646270751953,4.69956111907959,37.86646270751953,55.358428955078125,5.833011150360107,55.358428955078125
151,36.244529724121094,4.6339192390441895,36.244529724121094,26.046260833740234,3.713524341583252,26.046260833740234
152,39.1677131652832,4.907667636871338,39.1677131652832,22.714643478393555,4.01663875579834,22.714643478393555
153,34.849456787109375,4.541934967041016,34.849456787109375,22.33847999572754,4.076668739318848,22.33847999572754
154,36.529258728027344,4.556572914123535,36.529258728027344,52.06971740722656,5.21191930770874,52.06971740722656
155,30.180604934692383,4.317502498626709,30.180604934692383,48.11653518676758,5.377340793609619,48.11653518676758
156,39.102500915527344,4.778777122497559,39.102500915527344,59.8299446105957,5.250927448272705,59.8299446105957
157,36.77886199951172,4.639988422393799,36.77886199951172,33.92394256591797,4.3376851081848145,33.92394256591797
158,34.512516021728516,4.498600959777832,34.512516021728516,29.464061737060547,4.361363887786865,29.464061737060547
159,33.168636322021484,4.460981845855713,33.168636322021484,37.35355758666992,4.84224796295166,37.35355758666992
160,38.69706344604492,4.674792289733887,38.69706344604492,43.68827819824219,5.449681282043457,43.68827819824219
161,34.50001525878906,4.549903869628906,34.50001525878906,35.35797119140625,4.682806968688965,35.35797119140625
162,39.382869720458984,4.727516174316406,39.382869720458984,29.279525756835938,4.4230780601501465,29.279525756835938
163,39.15602493286133,4.7573771476745605,39.15602493286133,28.84275245666504,4.421140193939209,28.84275245666504
164,35.35664367675781,4.5531086921691895,35.35664367675781,25.564071655273438,4.239253044128418,25.564071655273438
165,38.566036224365234,4.720101833343506,38.566036224365234,40.59406280517578,4.993190765380859,40.59406280517578
166,35.80746078491211,4.656756401062012,35.80746078491211,30.15314483642578,4.355072021484375,30.15314483642578
167,34.7833137512207,4.529007434844971,34.7833137512207,15.367453575134277,3.43731951713562,15.367453575134277
168,36.63786697387695,4.6733317375183105,36.63786697387695,18.856868743896484,3.8645339012145996,18.856868743896484
169,35.179832458496094,4.598333835601807,35.179832458496094,14.840191841125488,3.407369613647461,14.840191841125488
170,35.27117156982422,4.481637954711914,35.27117156982422,44.11956024169922,5.105125904083252,44.11956024169922
171,32.04094314575195,4.295197486877441,32.04094314575195,12.224151611328125,3.1331300735473633,12.224151611328125
172,35.59659957885742,4.6655659675598145,35.59659957885742,49.428627014160156,5.238613128662109,49.428627014160156
173,34.226497650146484,4.565240383148193,34.226497650146484,40.24535369873047,5.204660892486572,40.24535369873047
174,35.1005973815918,4.471375942230225,35.1005973815918,42.243682861328125,4.404703140258789,42.243682861328125
175,37.47220230102539,4.560092926025391,37.47220230102539,22.683921813964844,3.645963668823242,22.683921813964844
176,37.397640228271484,4.5908613204956055,37.397640228271484,42.97542953491211,4.337491512298584,42.97542953491211
177,37.98435592651367,4.772017002105713,37.98435592651367,43.18952178955078,5.414554595947266,43.18952178955078
178,35.3792610168457,4.538296699523926,35.3792610168457,31.464420318603516,4.554413795471191,31.464420318603516
179,38.828102111816406,4.764098167419434,38.828102111816406,42.03859329223633,4.61319637298584,42.03859329223633
180,38.58243942260742,4.711548328399658,38.58243942260742,29.392330169677734,3.8557183742523193,29.392330169677734
181,39.18165588378906,4.822874546051025,39.18165588378906,39.752811431884766,4.557530879974365,39.752811431884766
182,32.511287689208984,4.328204154968262,32.511287689208984,15.572685241699219,3.258692741394043,15.572685241699219
183,38.39440155029297,4.772100925445557,38.39440155029297,51.84812545776367,5.3598856925964355,51.84812545776367
184,36.70780563354492,4.6605424880981445,36.70780563354492,31.198328018188477,4.237336158752441,31.198328018188477
185,35.18943405151367,4.45822811126709,35.18943405151367,15.893685340881348,3.502164840698242,15.893685340881348
186,35.174461364746094,4.456068992614746,35.174461364746094,31.151504516601562,4.201877593994141,31.151504516601562
187,38.05780792236328,4.690180778503418,38.05780792236328,37.661163330078125,5.053149223327637,37.661163330078125
188,37.01802062988281,4.637120723724365,37.01802062988281,25.768848419189453,4.3394646644592285,25.768848419189453
189,34.9762077331543,4.4019083976745605,34.9762077331543,27.870813369750977,4.394216537475586,27.870813369750977
190,34.65885543823242,4.482951641082764,34.65885543823242,29.073841094970703,4.017819881439209,29.073841094970703
191,39.43062210083008,4.7957987785339355,39.43062210083008,55.4915771484375,5.57366418838501,55.4915771484375
192,35.25951385498047,4.455929279327393,35.25951385498047,69.0909652709961,6.322547435760498,69.0909652709961
193,35.32590103149414,4.523036479949951,35.32590103149414,23.450477600097656,4.412296295166016,23.450477600097656
194,32.831787109375,4.475499629974365,32.831787109375,42.9590950012207,4.6516289710998535,42.9590950012207
195,38.692134857177734,4.71649694442749,38.692134857177734,38.33397674560547,5.2977094650268555,38.33397674560547
196,36.3070068359375,4.595180988311768,36.3070068359375,34.378318786621094,4.902231216430664,34.378318786621094
197,36.726051330566406,4.603727340698242,36.726051330566406,19.130176544189453,3.7310383319854736,19.130176544189453
198,35.017578125,4.556363105773926,35.017578125,48.353084564208984,5.586978912353516,48.353084564208984
199,36.05113983154297,4.63424825668335,36.05113983154297,26.362590789794922,3.951951026916504,26.362590789794922
200,34.74419403076172,4.566969394683838,34.74419403076172,56.46666717529297,5.498566627502441,56.46666717529297
201,35.96415710449219,4.554722309112549,35.96415710449219,28.706497192382812,4.417440891265869,28.706497192382812
202,33.814613342285156,4.388100624084473,33.814613342285156,23.382984161376953,3.3795344829559326,23.382984161376953
203,38.559078216552734,4.737361431121826,38.559078216552734,62.236717224121094,5.841648101806641,62.236717224121094
204,33.42064666748047,4.472812652587891,33.42064666748047,34.19328308105469,4.927136421203613,34.19328308105469
205,37.42707824707031,4.673401832580566,37.42707824707031,19.760787963867188,3.819993495941162,19.760787963867188
206,32.288185119628906,4.371161460876465,32.288185119628906,37.08769989013672,4.8613996505737305,37.08769989013672
207,35.15072250366211,4.58057975769043,35.15072250366211,18.816444396972656,3.495539426803589,18.816444396972656
208,39.50440979003906,4.865385055541992,39.50440979003906,39.71147918701172,4.836450576782227,39.71147918701172
209,38.378536224365234,4.70536994934082,38.378536224365234,34.887638092041016,4.5379767417907715,34.887638092041016
210,35.238162994384766,4.501645088195801,35.238162994384766,56.654205322265625,5.00884485244751,56.654205322265625
211,37.36796569824219,4.569149971008301,37.36796569824219,46.941741943359375,5.390927314758301,46.941741943359375
212,36.24772644042969,4.576783657073975,36.24772644042969,34.36949157714844,4.40120792388916,34.36949157714844
213,40.55972671508789,4.817471504211426,40.55972671508789,19.951683044433594,3.117410182952881,19.951683044433594
214,40.185264587402344,4.870219707489014,40.185264587402344,34.84843063354492,4.444698333740234,34.84843063354492
215,40.28433609008789,4.7454609870910645,40.28433609008789,47.38066864013672,5.169407367706299,47.38066864013672
216,34.205989837646484,4.477971076965332,34.205989837646484,31.070890426635742,4.282750129699707,31.070890426635742
217,40.52134704589844,4.811028957366943,40.52134704589844,20.15773582458496,3.755511999130249,20.15773582458496
218,36.84000778198242,4.603952407836914,36.84000778198242,68.53949737548828,5.868076324462891,68.53949737548828
219,35.439666748046875,4.529363632202148,35.439666748046875,45.708473205566406,5.303027153015137,45.708473205566406
220,38.791561126708984,4.696924686431885,38.791561126708984,40.282005310058594,4.909215450286865,40.282005310058594
221,34.45909881591797,4.503308296203613,34.45909881591797,54.142669677734375,5.50177526473999,54.142669677734375
222,34.35319900512695,4.558773994445801,34.35319900512695,58.00308609008789,5.810267925262451,58.00308609008789
223,41.584102630615234,4.987353324890137,41.584102630615234,40.40803146362305,5.241860389709473,40.40803146362305
224,33.092002868652344,4.4893574714660645,33.092002868652344,42.08860397338867,4.85261344909668,42.08860397338867
225,39.20630645751953,4.855874061584473,39.20630645751953,45.054443359375,4.768423557281494,45.054443359375
226,37.880916595458984,4.713956356048584,37.880916595458984,51.20246124267578,5.7363810539245605,51.20246124267578
227,34.58912658691406,4.533803939819336,34.58912658691406,66.425048828125,6.21384859085083,66.425048828125
228,38.505889892578125,4.685970306396484,38.505889892578125,32.23958969116211,4.654082775115967,32.23958969116211
229,35.087615966796875,4.633769512176514,35.087615966796875,21.575942993164062,3.6855785846710205,21.575942993164062
230,37.75921630859375,4.637364864349365,37.75921630859375,63.64219665527344,6.098140716552734,63.64219665527344
231,38.47979736328125,4.721925258636475,38.47979736328125,33.35625457763672,4.153935432434082,33.35625457763672
232,38.56276321411133,4.75831413269043,38.56276321411133,28.72433853149414,4.6427106857299805,28.72433853149414
233,38.318572998046875,4.795241832733154,38.318572998046875,63.79380798339844,5.2119035720825195,63.79380798339844
234,37.006591796875,4.745893478393555,37.006591796875,19.481815338134766,3.72873854637146,19.481815338134766
235,40.748695373535156,4.866801738739014,40.748695373535156,31.12531280517578,4.336636543273926,31.12531280517578
236,38.79140090942383,4.738908767700195,38.79140090942383,55.23066711425781,5.072929859161377,55.23066711425781
237,37.445159912109375,4.6282057762146,37.445159912109375,22.090225219726562,3.8470993041992188,22.090225219726562
238,39.249900817871094,4.734832763671875,39.249900817871094,35.54185104370117,4.785542964935303,35.54185104370117
239,38.39741134643555,4.754573345184326,38.39741134643555,26.36641502380371,4.235934257507324,26.36641502380371
240,34.79947280883789,4.604969501495361,34.79947280883789,14.501019477844238,2.9837894439697266,14.501019477844238
241,38.59724807739258,4.78053092956543,38.59724807739258,26.685504913330078,3.9626119136810303,26.685504913330078
242,37.32901382446289,4.707882881164551,37.32901382446289,26.9019718170166,4.301353931427002,26.9019718170166
243,41.32843017578125,4.967566967010498,41.32843017578125,35.430999755859375,4.954148769378662,35.430999755859375
244,35.78569793701172,4.588122844696045,35.78569793701172,54.95465850830078,5.749426364898682,54.95465850830078
245,38.40445327758789,4.670930862426758,38.40445327758789,31.785221099853516,4.218273639678955,31.785221099853516
246,34.05989074707031,4.4477458000183105,34.05989074707031,22.07729148864746,3.965061902999878,22.07729148864746
247,37.076507568359375,4.608967304229736,37.076507568359375,71.763671875,6.76259183883667,71.763671875
248,39.55197525024414,4.770292282104492,39.55197525024414,46.235740661621094,4.97935676574707,46.235740661621094
249,32.1427116394043,4.331245422363281,32.1427116394043,27.52464485168457,3.974261999130249,27.52464485168457
250,34.08401107788086,4.489627361297607,34.08401107788086,25.3021240234375,3.9436213970184326,25.3021240234375
251,36.945396423339844,4.679723262786865,36.945396423339844,17.272939682006836,3.7149229049682617,17.272939682006836
252,33.19291687011719,4.428691387176514,33.19291687011719,41.19473648071289,5.227848529815674,41.19473648071289
253,34.2090950012207,4.410747051239014,34.2090950012207,21.144058227539062,3.9089481830596924,21.144058227539062
254,38.16862869262695,4.723134517669678,38.16862869262695,20.21253776550293,4.030433177947998,20.21253776550293
255,36.83480453491211,4.537304401397705,36.83480453491211,21.380477905273438,3.5657966136932373,21.380477905273438
256,34.913639068603516,4.5966267585754395,34.913639068603516,56.41463851928711,6.089568138122559,56.41463851928711
257,32.9434700012207,4.438894748687744,32.9434700012207,55.05851364135742,5.926054000854492,55.05851364135742
258,39.368282318115234,4.720998764038086,39.368282318115234,18.925031661987305,3.6638550758361816,18.925031661987305
259,37.47818374633789,4.676471710205078,37.47818374633789,56.347625732421875,5.3298540115356445,56.347625732421875
260,40.7782096862793,4.758680820465088,40.7782096862793,65.12784576416016,5.874050140380859,65.12784576416016
261,35.899349212646484,4.609870910644531,35.899349212646484,30.652135848999023,4.442320823669434,30.652135848999023
262,40.498756408691406,4.835838317871094,40.498756408691406,35.585289001464844,5.087643623352051,35.585289001464844
263,36.041568756103516,4.583096504211426,36.041568756103516,26.661975860595703,4.063164710998535,26.661975860595703
264,40.39845275878906,4.903964996337891,40.39845275878906,23.735885620117188,3.9443318843841553,23.735885620117188
265,37.2908935546875,4.606700897216797,37.2908935546875,40.417213439941406,5.1977458000183105,40.417213439941406
266,39.330196380615234,4.839845657348633,39.330196380615234,25.521575927734375,4.2048821449279785,25.521575927734375
267,38.77377700805664,4.824197769165039,38.77377700805664,30.681217193603516,4.486410140991211,30.681217193603516
268,35.73252487182617,4.565491199493408,35.73252487182617,37.511322021484375,3.827406883239746,37.511322021484375
269,39.198387145996094,4.796426773071289,39.198387145996094,36.58831787109375,4.816356182098389,36.58831787109375
270,32.481170654296875,4.451495170593262,32.481170654296875,72.47010803222656,6.3228936195373535,72.47010803222656
271,42.14633560180664,4.971950054168701,42.14633560180664,50.370933532714844,4.926191806793213,50.370933532714844
272,31.820737838745117,4.299593448638916,31.820737838745117,50.52607727050781,4.5396342277526855,50.52607727050781
