epoch,loss,mean_absolute_error,mean_squared_error
0,163.2998504638672,9.014092445373535,163.2998504638672
1,102.075439453125,7.814589023590088,102.075439453125
2,60.881656646728516,5.554585933685303,60.881656646728516
3,46.70649337768555,5.172019958496094,46.70649337768555
4,43.17979431152344,5.053241729736328,43.17979431152344
5,45.20201110839844,4.767235279083252,45.20201110839844
6,41.6478385925293,4.848195552825928,41.6478385925293
7,37.76813888549805,4.552473545074463,37.76813888549805
8,40.34525680541992,4.782199859619141,40.34525680541992
9,34.74829864501953,4.393056392669678,34.74829864501953
10,40.145713806152344,4.72137451171875,40.145713806152344
11,41.653953552246094,4.7621917724609375,41.653953552246094
12,42.026424407958984,4.912795066833496,42.026424407958984
13,38.88560104370117,4.780254364013672,38.88560104370117
14,43.536659240722656,4.787505149841309,43.536659240722656
15,42.37605667114258,4.855090141296387,42.37605667114258
16,39.416358947753906,4.670407295227051,39.416358947753906
17,38.74563217163086,4.578259468078613,38.74563217163086
18,35.64087677001953,4.3873796463012695,35.64087677001953
19,36.39791488647461,4.537213325500488,36.39791488647461
20,37.17625427246094,4.591816425323486,37.17625427246094
21,36.688011169433594,4.434396743774414,36.688011169433594
22,31.963115692138672,4.320272922515869,31.963115692138672
23,31.43010902404785,4.111306190490723,31.43010902404785
24,35.983924865722656,4.507030487060547,35.983924865722656
25,32.3903694152832,4.284358978271484,32.39036560058594
26,35.27379608154297,4.383307933807373,35.27379608154297
27,36.9996223449707,4.544189453125,36.9996223449707
28,30.73775291442871,4.176418781280518,30.73775291442871
29,29.664241790771484,4.246042728424072,29.664241790771484
30,26.586624145507812,3.9307034015655518,26.586624145507812
31,26.9233341217041,3.794771432876587,26.9233341217041
32,30.12025260925293,3.9491794109344482,30.12025260925293
33,26.91397476196289,3.8522346019744873,26.91397476196289
34,26.77985191345215,3.867082357406616,26.77985191345215
35,32.712913513183594,4.221472263336182,32.712913513183594
