epoch,loss,mean_absolute_error,mean_squared_error,val_loss,val_mean_absolute_error,val_mean_squared_error
0,473.29473876953125,16.248140335083008,473.29473876953125,26604.607421875,141.6788330078125,26604.607421875
1,70.23113250732422,6.413808345794678,70.23113250732422,1064.683837890625,24.317398071289062,1064.683837890625
2,38.37651824951172,4.788618564605713,38.37651824951172,52.831031799316406,6.5333147048950195,52.831031799316406
3,37.195289611816406,4.580752372741699,37.195289611816406,36.23136520385742,4.772616863250732,36.23136520385742
4,46.64473342895508,4.972419261932373,46.64473342895508,406.8550720214844,13.65597152709961,406.8550720214844
5,59.115501403808594,5.76930046081543,59.115501403808594,47.666290283203125,5.981573581695557,47.666290283203125
6,45.5261116027832,5.042300701141357,45.5261116027832,54.82461166381836,5.920994281768799,54.82461166381836
7,38.1832275390625,4.756620407104492,38.1832275390625,1640.6507568359375,12.77892017364502,1640.6507568359375
8,44.62483215332031,4.905180931091309,44.62483215332031,226.8912353515625,9.085585594177246,226.8912353515625
9,48.79724884033203,5.309464931488037,48.79724884033203,138044.46875,164.63511657714844,138044.46875
10,51.60009765625,5.527569770812988,51.60009765625,19.247116088867188,3.64593768119812,19.247116088867188
11,31.111581802368164,4.491997241973877,31.111581802368164,29021.033203125,46.45515060424805,29021.033203125
12,48.449668884277344,4.8743977546691895,48.449668884277344,191.79150390625,10.301965713500977,191.79150390625
13,67.73397827148438,5.93911600112915,67.73397827148438,111263.765625,87.5059585571289,111263.765625
14,46.35726547241211,5.101141929626465,46.35726547241211,11717.9814453125,38.3574104309082,11717.9814453125
15,53.92878341674805,5.610821723937988,53.92878341674805,8398.6396484375,70.00178527832031,8398.6396484375
16,48.604923248291016,5.186089515686035,48.604923248291016,111.4184799194336,8.720705032348633,111.4184799194336
17,54.062198638916016,5.521058559417725,54.062198638916016,62.4693603515625,5.975869178771973,62.4693603515625
18,40.89688491821289,4.7872233390808105,40.89688491821289,61.86872482299805,5.980198383331299,61.86872482299805
19,44.535438537597656,4.820195198059082,44.535438537597656,50.603885650634766,5.157227516174316,50.603885650634766
20,46.25400924682617,5.077200412750244,46.25400924682617,29.524568557739258,4.138246059417725,29.524568557739258
21,38.4958610534668,4.68938684463501,38.4958610534668,40.85258102416992,4.893410682678223,40.85258102416992
22,62.01056671142578,5.723985195159912,62.01056671142578,80.70257568359375,6.440823554992676,80.70257568359375
23,46.1851692199707,5.14640998840332,46.1851692199707,32.21749496459961,4.438384056091309,32.21749496459961
24,43.13654708862305,5.027027130126953,43.13654708862305,48.27435302734375,4.684586048126221,48.27435302734375
25,39.53729248046875,4.684990882873535,39.53729248046875,38.55210876464844,4.911834239959717,38.55210876464844
26,29.738210678100586,4.188472270965576,29.738210678100586,21.575368881225586,3.741848945617676,21.575368881225586
27,39.12989807128906,4.6309733390808105,39.12989807128906,19.233047485351562,3.7677836418151855,19.233047485351562
28,42.07647705078125,4.963273525238037,42.07647705078125,29.96257972717285,4.012685298919678,29.96257972717285
29,43.994239807128906,4.999922752380371,43.994239807128906,22.883474349975586,4.046774864196777,22.883474349975586
30,40.388240814208984,4.6035284996032715,40.388240814208984,26.977890014648438,4.4054341316223145,26.977890014648438
31,31.277936935424805,4.250949859619141,31.277936935424805,30.024600982666016,3.917414903640747,30.024600982666016
32,49.98920440673828,5.317167282104492,49.98920440673828,35.241451263427734,4.705231666564941,35.241451263427734
33,36.409828186035156,4.480103969573975,36.409828186035156,14.316054344177246,3.044177293777466,14.316054344177246
34,42.2738151550293,4.86185359954834,42.2738151550293,30.29320526123047,4.685698509216309,30.29320526123047
35,41.56117630004883,4.818934917449951,41.56117630004883,42.65279769897461,4.6118059158325195,42.65279769897461
36,37.35793685913086,4.645381450653076,37.35793685913086,19.82636070251465,3.3399240970611572,19.82636070251465
37,40.36594009399414,4.712530136108398,40.36594009399414,25.78305435180664,3.8913066387176514,25.78305435180664
38,37.104408264160156,4.567521095275879,37.104408264160156,28.434036254882812,3.7644948959350586,28.434036254882812
39,37.59684753417969,4.671628952026367,37.59684753417969,38.420753479003906,4.7987565994262695,38.420753479003906
40,39.280006408691406,4.728943824768066,39.280006408691406,39.69282150268555,4.979442596435547,39.69282150268555
41,37.64241027832031,4.7923760414123535,37.64241027832031,39.712650299072266,5.123042106628418,39.712650299072266
42,34.1900749206543,4.511382102966309,34.1900749206543,39.72193145751953,4.7026753425598145,39.72193145751953
43,38.65898513793945,4.6922173500061035,38.65898513793945,73.23551940917969,6.407186031341553,73.23551940917969
44,35.51740646362305,4.4963059425354,35.51740646362305,193.6913604736328,6.600115776062012,193.6913604736328
45,35.43525695800781,4.4507365226745605,35.43525695800781,20.194473266601562,3.6997976303100586,20.194473266601562
46,37.45454406738281,4.705676078796387,37.45454406738281,27.788530349731445,4.010690212249756,27.788530349731445
47,36.123512268066406,4.563431739807129,36.123512268066406,30.76854705810547,4.429081439971924,30.76854705810547
48,36.808956146240234,4.539911270141602,36.808956146240234,537.6795654296875,9.827959060668945,537.6795654296875
49,35.36723327636719,4.624035835266113,35.36723327636719,21.71377944946289,3.897218942642212,21.71377944946289
50,35.388885498046875,4.519344806671143,35.388885498046875,166.1808624267578,5.938886642456055,166.1808624267578
51,41.415260314941406,4.975040912628174,41.415260314941406,63.843963623046875,6.0357160568237305,63.843963623046875
52,35.84840393066406,4.5400004386901855,35.84840393066406,382.9725036621094,8.057229042053223,382.9725036621094
53,38.17366027832031,4.67291784286499,38.17366027832031,52.63068771362305,5.320820331573486,52.63068771362305
54,30.957460403442383,4.310434818267822,30.957460403442383,36.10049057006836,4.794565677642822,36.10049057006836
55,35.15327453613281,4.527214527130127,35.15327453613281,91.2881088256836,7.04768180847168,91.2881088256836
56,39.227516174316406,4.67824125289917,39.227516174316406,41.950565338134766,4.681877613067627,41.950565338134766
57,39.884803771972656,4.787106990814209,39.884803771972656,30.156009674072266,4.93019962310791,30.156009674072266
58,38.94245910644531,4.750888824462891,38.94245910644531,463.5553283691406,10.074406623840332,463.5553283691406
59,37.31695556640625,4.656960487365723,37.31695556640625,39.928470611572266,5.058594703674316,39.928470611572266
60,40.45675277709961,4.778696537017822,40.45675277709961,336.8255310058594,7.7768635749816895,336.8255310058594
61,41.23487854003906,4.945633888244629,41.23487854003906,39.28733444213867,5.1777873039245605,39.28733444213867
62,39.688819885253906,4.781810283660889,39.688819885253906,349.132080078125,8.410038948059082,349.132080078125
63,33.31003189086914,4.515924453735352,33.31003189086914,47.394954681396484,5.444889545440674,47.394954681396484
64,33.20122146606445,4.31239652633667,33.20122146606445,71.94170379638672,4.463952541351318,71.94170379638672
65,35.32354736328125,4.525012493133545,35.32354736328125,62.02531814575195,5.320589542388916,62.02531814575195
66,36.20355987548828,4.642549514770508,36.20355987548828,21.750253677368164,3.5482561588287354,21.750253677368164
67,40.394630432128906,4.8327436447143555,40.394630432128906,291.43463134765625,8.164917945861816,291.43463134765625
68,39.519596099853516,4.865278244018555,39.519596099853516,10.03844928741455,2.791853427886963,10.03844928741455
69,36.00298309326172,4.643107891082764,36.00298309326172,18.647457122802734,3.810267686843872,18.647457122802734
70,32.54442596435547,4.418300151824951,32.54442596435547,43.68967819213867,4.966335773468018,43.68967819213867
71,39.89619827270508,4.809983730316162,39.89619827270508,319.17230224609375,8.973053932189941,319.17230224609375
72,36.80501937866211,4.646491050720215,36.80501937866211,29.182493209838867,4.289173603057861,29.182493209838867
73,35.459068298339844,4.585369110107422,35.459068298339844,379.002197265625,9.41037654876709,379.002197265625
74,38.61996078491211,4.72329568862915,38.61996078491211,249.88436889648438,8.895549774169922,249.88436889648438
75,37.76458740234375,4.591958999633789,37.76458740234375,41.85763168334961,5.346355438232422,41.85763168334961
76,34.60248565673828,4.529900550842285,34.60248565673828,21.344131469726562,3.7516655921936035,21.344131469726562
77,39.77605438232422,4.82630729675293,39.77605438232422,317.752197265625,9.547318458557129,317.752197265625
78,39.28818130493164,4.798708438873291,39.28818130493164,15.313411712646484,3.2399609088897705,15.313411712646484
79,31.646100997924805,4.2522149085998535,31.646100997924805,50.33171844482422,5.713105201721191,50.33171844482422
80,38.1972770690918,4.731138706207275,38.1972770690918,363.47723388671875,8.352200508117676,363.47723388671875
81,35.952293395996094,4.644819736480713,35.952293395996094,33.186153411865234,4.359550476074219,33.186153411865234
82,31.9132080078125,4.429906845092773,31.9132080078125,9.733247756958008,2.729400157928467,9.733247756958008
83,39.88264465332031,4.863161563873291,39.88264465332031,58.773590087890625,5.522899150848389,58.773590087890625
84,37.754974365234375,4.685210704803467,37.754974365234375,41.57857894897461,4.265048503875732,41.57857894897461
85,36.551578521728516,4.711608409881592,36.551578521728516,34.19429397583008,4.220324993133545,34.19429397583008
86,40.08824920654297,4.784903049468994,40.08824920654297,30.192243576049805,4.634416580200195,30.192243576049805
87,35.427852630615234,4.568037509918213,35.427852630615234,338.7629089355469,9.323166847229004,338.7629089355469
88,37.874698638916016,4.591281890869141,37.874698638916016,18.98187255859375,3.7357730865478516,18.98187255859375
89,37.3993034362793,4.6175384521484375,37.3993034362793,52.36076736450195,5.108016490936279,52.36076736450195
90,39.46630859375,4.799818992614746,39.46630859375,31.19022560119629,4.8936662673950195,31.19022560119629
91,32.226806640625,4.435765266418457,32.226806640625,8.37751293182373,2.4478814601898193,8.37751293182373
92,40.476783752441406,4.771536350250244,40.476783752441406,31.766372680664062,3.8443756103515625,31.766372680664062
93,34.69960021972656,4.593997955322266,34.69960021972656,21.50266456604004,3.814908266067505,21.50266456604004
94,39.22242736816406,4.7426066398620605,39.22242736816406,44.37492752075195,4.955371856689453,44.37492752075195
95,38.22366714477539,4.657886028289795,38.22366714477539,38.85368728637695,5.144740104675293,38.85368728637695
96,34.31103515625,4.600918769836426,34.31103515625,64.61398315429688,6.017477035522461,64.61398315429688
97,37.571815490722656,4.619766712188721,37.571815490722656,53.18695831298828,5.38784122467041,53.18695831298828
98,37.27119445800781,4.651582717895508,37.27119445800781,44.467220306396484,5.290018558502197,44.467220306396484
99,40.53489303588867,4.846218109130859,40.53489303588867,47.74881362915039,5.08870792388916,47.74881362915039
100,33.823307037353516,4.410035133361816,33.823307037353516,42.64151382446289,4.514845848083496,42.64151382446289
101,39.78673553466797,4.823328018188477,39.78673553466797,73.35279083251953,6.106647491455078,73.35279083251953
102,38.760894775390625,4.771504878997803,38.760894775390625,30.124988555908203,4.584170341491699,30.124988555908203
103,33.11338806152344,4.453954219818115,33.11338806152344,50.90481948852539,5.5711565017700195,50.90481948852539
104,32.6904296875,4.435730457305908,32.6904296875,32.74463653564453,4.3935723304748535,32.74463653564453
105,34.25712203979492,4.599671840667725,34.25712203979492,60.67124938964844,5.560739994049072,60.67124938964844
106,39.08620834350586,4.696342945098877,39.08620834350586,544.6215209960938,11.116454124450684,544.6215209960938
107,39.8856315612793,4.790645122528076,39.8856315612793,37.995887756347656,4.608754634857178,37.995887756347656
108,35.21904754638672,4.502366542816162,35.21904754638672,11.946288108825684,2.787196159362793,11.946288108825684
109,37.761409759521484,4.664041042327881,37.761409759521484,69.15966033935547,5.405542850494385,69.15966033935547
110,37.798892974853516,4.692338466644287,37.798892974853516,59.93019485473633,6.129741191864014,59.93019485473633
111,36.446266174316406,4.612273693084717,36.446266174316406,31.406490325927734,4.7439093589782715,31.406490325927734
112,30.863664627075195,4.351161003112793,30.863664627075195,33.70368194580078,4.725696563720703,33.70368194580078
113,38.98656463623047,4.748183727264404,38.98656463623047,104.9249038696289,4.799715995788574,104.9249038696289
114,35.02498245239258,4.616909980773926,35.02498245239258,389.4637756347656,8.333287239074707,389.4637756347656
115,30.387699127197266,4.3738250732421875,30.387699127197266,394.474365234375,8.311084747314453,394.474365234375
116,37.46248245239258,4.641391754150391,37.46248245239258,67.46760559082031,4.9594244956970215,67.46760559082031
117,35.840789794921875,4.53641939163208,35.840789794921875,670.5744018554688,12.221360206604004,670.5744018554688
118,41.16276550292969,4.95860481262207,41.16276550292969,24.39440155029297,3.9539239406585693,24.39440155029297
119,35.92564010620117,4.543922424316406,35.92564010620117,35.50315856933594,4.58516263961792,35.50315856933594
120,34.82255554199219,4.526854991912842,34.82255554199219,40.018646240234375,4.777879238128662,40.018646240234375
121,33.637977600097656,4.532192707061768,33.637977600097656,27.094568252563477,4.197873592376709,27.094568252563477
122,40.05262756347656,4.845615386962891,40.05262756347656,680.2687377929688,13.425488471984863,680.2687377929688
123,38.971675872802734,4.754924297332764,38.971675872802734,52.403282165527344,5.597509860992432,52.403282165527344
124,35.3047981262207,4.536122798919678,35.3047981262207,407.4054870605469,9.459440231323242,407.4054870605469
125,37.619571685791016,4.718355655670166,37.619571685791016,428.6035461425781,8.61196517944336,428.6035461425781
126,33.81398391723633,4.412007808685303,33.81398391723633,18.870126724243164,3.6366000175476074,18.870126724243164
127,36.797607421875,4.606738567352295,36.797607421875,20.218494415283203,4.01158332824707,20.218494415283203
128,41.2952995300293,4.919849872589111,41.2952995300293,321.77813720703125,8.85911750793457,321.77813720703125
129,32.878902435302734,4.397646427154541,32.878902435302734,65.75920104980469,5.711878299713135,65.75920104980469
130,34.22106170654297,4.517114162445068,34.22106170654297,30.806217193603516,4.299853324890137,30.806217193603516
131,40.55311584472656,4.790714740753174,40.55311584472656,34.39541244506836,4.473671913146973,34.39541244506836
132,39.26352310180664,4.780735015869141,39.26352310180664,44.81714630126953,5.139760494232178,44.81714630126953
133,39.765621185302734,4.8618059158325195,39.765621185302734,33.029109954833984,4.80595064163208,33.029109954833984
134,37.19961166381836,4.694408893585205,37.19961166381836,35.15686798095703,4.595343589782715,35.15686798095703
135,40.314300537109375,4.75400447845459,40.314300537109375,9.694915771484375,2.663567066192627,9.694915771484375
136,35.036888122558594,4.4781270027160645,35.036888122558594,230.1011962890625,9.6537446975708,230.1011962890625
137,37.59996795654297,4.620026588439941,37.59996795654297,60.82079315185547,6.898766994476318,60.82079315185547
138,37.27593231201172,4.688361167907715,37.27593231201172,311.57427978515625,9.83431625366211,311.57427978515625
139,37.42393493652344,4.577999591827393,37.42393493652344,515.590576171875,10.231654167175293,515.590576171875
140,35.77668380737305,4.5450119972229,35.77668380737305,18.061569213867188,3.465359687805176,18.061569213867188
141,40.0307502746582,4.809957504272461,40.0307502746582,39.585609436035156,4.81881856918335,39.585609436035156
142,31.553197860717773,4.418763160705566,31.553197860717773,21.944520950317383,4.057793140411377,21.944520950317383
143,36.1406364440918,4.672787666320801,36.1406364440918,55.722591400146484,5.987995624542236,55.722591400146484
144,40.0882682800293,4.8336615562438965,40.0882682800293,25.568735122680664,3.5572662353515625,25.568735122680664
145,37.248294830322266,4.593505382537842,37.248294830322266,54.48402404785156,4.995572090148926,54.48402404785156
146,37.25497817993164,4.652034759521484,37.25497817993164,52.73308181762695,5.368313789367676,52.73308181762695
147,39.38052749633789,4.811094284057617,39.38052749633789,683.4390258789062,13.340008735656738,683.4390258789062
148,38.75794982910156,4.704298973083496,38.75794982910156,35.516258239746094,4.370473384857178,35.516258239746094
149,36.3675422668457,4.58838415145874,36.3675422668457,18.09353256225586,3.4918880462646484,18.09353256225586
150,33.51737976074219,4.471841335296631,33.51737976074219,50.23179626464844,5.804065227508545,50.23179626464844
151,34.98555374145508,4.6591081619262695,34.98555374145508,35.52827072143555,4.486715793609619,35.52827072143555
152,37.79961395263672,4.699079513549805,37.79961395263672,47.33405303955078,5.118478298187256,47.33405303955078
153,33.2736701965332,4.408799648284912,33.2736701965332,31.825607299804688,4.699197292327881,31.825607299804688
154,38.63325119018555,4.718727111816406,38.63325119018555,27.573909759521484,3.817366123199463,27.573909759521484
155,33.86758041381836,4.535395622253418,33.86758041381836,33.41756057739258,4.597279071807861,33.41756057739258
156,38.96112823486328,4.711618423461914,38.96112823486328,37.998130798339844,4.310222625732422,37.998130798339844
157,32.65937805175781,4.4053778648376465,32.65937805175781,46.95768737792969,4.6383538246154785,46.95768737792969
158,35.58287811279297,4.528641700744629,35.58287811279297,36.368934631347656,4.332146167755127,36.368934631347656
159,37.624595642089844,4.644627571105957,37.624595642089844,584.6243286132812,11.54248332977295,584.6243286132812
160,39.444190979003906,4.869377613067627,39.444190979003906,627.112060546875,9.399018287658691,627.112060546875
161,39.70661926269531,4.816244602203369,39.70661926269531,52.161922454833984,5.525568008422852,52.161922454833984
162,36.71812438964844,4.75075101852417,36.71812438964844,28.949790954589844,4.180238723754883,28.949790954589844
163,34.31837463378906,4.511748313903809,34.31837463378906,30.704479217529297,4.268704891204834,30.704479217529297
164,39.01863098144531,4.736201763153076,39.01863098144531,150.07423400878906,6.704282760620117,150.07423400878906
165,37.23652648925781,4.6767377853393555,37.23652648925781,28.880083084106445,4.088518142700195,28.880083084106445
166,40.146297454833984,4.832109451293945,40.146297454833984,30.536266326904297,4.6305251121521,30.536266326904297
167,38.43873596191406,4.7630133628845215,38.43873596191406,44.65755844116211,5.492267608642578,44.65755844116211
168,34.98517608642578,4.508130073547363,34.98517608642578,56.865379333496094,5.415781497955322,56.865379333496094
169,37.12911605834961,4.6717400550842285,37.12911605834961,45.084564208984375,4.9073662757873535,45.084564208984375
170,40.09218978881836,4.859372138977051,40.09218978881836,55.1082763671875,5.314478397369385,55.1082763671875
171,36.04585647583008,4.515491962432861,36.04585647583008,552.88623046875,10.106184005737305,552.88623046875
172,37.120243072509766,4.752781867980957,37.120243072509766,48.90663528442383,5.352156639099121,48.90663528442383
173,35.44137191772461,4.540728569030762,35.44137191772461,76.34717559814453,6.897449016571045,76.34717559814453
174,32.6883430480957,4.436044216156006,32.6883430480957,37.436981201171875,3.7644927501678467,37.436981201171875
175,34.731571197509766,4.575625896453857,34.731571197509766,146.95352172851562,6.718291282653809,146.95352172851562
176,35.40126037597656,4.447047233581543,35.40126037597656,35.295650482177734,4.700663089752197,35.295650482177734
177,39.503719329833984,4.778611660003662,39.503719329833984,38.82242202758789,4.930595397949219,38.82242202758789
178,35.83427810668945,4.6234588623046875,35.83427810668945,36.0687370300293,5.228442668914795,36.0687370300293
179,37.301246643066406,4.619853496551514,37.301246643066406,36.95210266113281,5.092686653137207,36.95210266113281
180,38.1088981628418,4.838871955871582,38.1088981628418,12.836396217346191,3.0617306232452393,12.836396217346191
181,40.64577102661133,4.866128921508789,40.64577102661133,84.40930938720703,5.643148899078369,84.40930938720703
182,36.226497650146484,4.584176063537598,36.226497650146484,31.297529220581055,3.8988215923309326,31.297529220581055
183,34.87763977050781,4.551578998565674,34.87763977050781,213.84912109375,7.233043193817139,213.84912109375
184,36.14646530151367,4.538805961608887,36.14646530151367,21.30718231201172,3.7659356594085693,21.30718231201172
185,27.934581756591797,4.197481155395508,27.934581756591797,40.10480880737305,4.958191871643066,40.10480880737305
186,38.857810974121094,4.685416221618652,38.857810974121094,65.65563201904297,5.330491065979004,65.65563201904297
187,37.26979446411133,4.6621012687683105,37.26979446411133,21.77294158935547,3.205915927886963,21.77294158935547
188,35.727542877197266,4.441347122192383,35.727542877197266,29.977319717407227,4.662778854370117,29.977319717407227
189,37.794105529785156,4.669251441955566,37.794105529785156,50.15113830566406,5.686277389526367,50.15113830566406
190,37.85124588012695,4.665369033813477,37.85124588012695,33.515411376953125,4.445721626281738,33.515411376953125
191,38.52250289916992,4.757716655731201,38.52250289916992,42.4280891418457,4.961310863494873,42.4280891418457
192,36.52309799194336,4.537161827087402,36.52309799194336,46.82853698730469,4.92235803604126,46.82853698730469
193,29.010774612426758,4.192828178405762,29.010774612426758,43.41915512084961,5.6196370124816895,43.41915512084961
194,32.26537322998047,4.34837532043457,32.26537322998047,421.4465637207031,8.871140480041504,421.4465637207031
195,35.58749771118164,4.605505466461182,35.58749771118164,28.50034523010254,4.611113548278809,28.50034523010254
196,36.919189453125,4.649644374847412,36.919189453125,33.07538986206055,4.62020206451416,33.07538986206055
197,33.19389724731445,4.416306018829346,33.19389724731445,64.96195220947266,6.387492656707764,64.96195220947266
198,31.506160736083984,4.31647253036499,31.506160736083984,52.607994079589844,5.0296759605407715,52.607994079589844
199,36.789764404296875,4.668946743011475,36.789764404296875,20.531444549560547,3.847075939178467,20.531444549560547
200,37.54859161376953,4.735769271850586,37.54859161376953,22.515872955322266,4.141604423522949,22.515872955322266
201,35.9168586730957,4.657505989074707,35.9168586730957,72.43265533447266,5.77479362487793,72.43265533447266
202,31.810726165771484,4.266845226287842,31.810726165771484,227.3417510986328,7.833941459655762,227.3417510986328
203,38.206886291503906,4.732789993286133,38.206886291503906,192.19473266601562,7.552458763122559,192.19473266601562
204,33.953182220458984,4.463690757751465,33.953182220458984,52.44944763183594,5.2856364250183105,52.44944763183594
205,36.913536071777344,4.566157817840576,36.913536071777344,249.6417999267578,8.055359840393066,249.6417999267578
206,36.23260498046875,4.625078201293945,36.23260498046875,53.063350677490234,4.729831695556641,53.063350677490234
207,39.42765808105469,4.813295364379883,39.42765808105469,26.960601806640625,4.223647117614746,26.960601806640625
208,33.04310607910156,4.488579750061035,33.04310607910156,31.80800437927246,4.178917407989502,31.80800437927246
209,34.57801818847656,4.4385151863098145,34.57801818847656,42.94816589355469,4.827385425567627,42.94816589355469
210,34.57264709472656,4.5489501953125,34.57264709472656,435.9501037597656,8.914264678955078,435.9501037597656
211,35.0090446472168,4.446162223815918,35.0090446472168,386.5703430175781,9.144357681274414,386.5703430175781
212,39.5298957824707,4.716070175170898,39.5298957824707,50.34589385986328,5.254581451416016,50.34589385986328
213,39.88894271850586,4.748358249664307,39.88894271850586,59.054473876953125,5.855148792266846,59.054473876953125
214,34.58012390136719,4.583600997924805,34.58012390136719,38.213829040527344,4.700540542602539,38.213829040527344
215,38.83985900878906,4.72714376449585,38.83985900878906,32.034423828125,4.275550365447998,32.034423828125
216,40.08824920654297,4.756808280944824,40.08824920654297,240.48733520507812,7.344744682312012,240.48733520507812
217,37.9100456237793,4.629847526550293,37.9100456237793,34.1110954284668,4.805250644683838,34.1110954284668
218,40.9438591003418,4.945723056793213,40.9438591003418,26.973718643188477,3.7211313247680664,26.973718643188477
219,35.500831604003906,4.621556758880615,35.500831604003906,51.51253890991211,4.599139213562012,51.51253890991211
220,41.02615737915039,4.919119834899902,41.02615737915039,30.864070892333984,4.633437633514404,30.864070892333984
221,38.045005798339844,4.712582588195801,38.045005798339844,36.63397979736328,4.839202404022217,36.63397979736328
222,34.881168365478516,4.534071445465088,34.881168365478516,29.769338607788086,4.150517463684082,29.769338607788086
223,32.548770904541016,4.450174331665039,32.548770904541016,49.729522705078125,4.706106662750244,49.729522705078125
224,39.55665588378906,4.700982093811035,39.55665588378906,28.339818954467773,4.488224506378174,28.339818954467773
225,33.11619186401367,4.451810836791992,33.11619186401367,34.00597381591797,4.858489513397217,34.00597381591797
226,32.147560119628906,4.401880264282227,32.147560119628906,123.69963836669922,5.999555587768555,123.69963836669922
227,36.015777587890625,4.560695171356201,36.015777587890625,18.206762313842773,3.693113088607788,18.206762313842773
228,38.87580108642578,4.716852188110352,38.87580108642578,81.64517974853516,6.157650470733643,81.64517974853516
229,34.121097564697266,4.5086140632629395,34.121097564697266,50.493408203125,4.93767786026001,50.493408203125
230,34.16451644897461,4.534357070922852,34.16451644897461,32.42707824707031,4.47246789932251,32.42707824707031
231,38.107383728027344,4.683752536773682,38.107383728027344,50.68495178222656,5.072469234466553,50.68495178222656
232,38.48845672607422,4.777675628662109,38.48845672607422,28.214143753051758,4.221897125244141,28.214143753051758
233,38.5294303894043,4.7529826164245605,38.5294303894043,31.546049118041992,3.9969613552093506,31.546049118041992
234,34.256404876708984,4.611486434936523,34.256404876708984,398.98834228515625,8.73809814453125,398.98834228515625
235,39.35651397705078,4.75300407409668,39.35651397705078,71.71836853027344,6.3742146492004395,71.71836853027344
236,36.206703186035156,4.651801586151123,36.206703186035156,71.619384765625,6.085869789123535,71.619384765625
237,36.452735900878906,4.591063022613525,36.452735900878906,248.89398193359375,8.855417251586914,248.89398193359375
238,40.286468505859375,4.755070209503174,40.286468505859375,36.531951904296875,5.070724964141846,36.531951904296875
239,37.9825325012207,4.67486572265625,37.9825325012207,60.74885940551758,5.408432483673096,60.74885940551758
240,37.530025482177734,4.756898403167725,37.530025482177734,376.5592346191406,9.55522632598877,376.5592346191406
241,36.17842102050781,4.583902359008789,36.17842102050781,86.62513732910156,6.695446968078613,86.62513732910156
242,38.24518966674805,4.71895694732666,38.24518966674805,32.595001220703125,4.8808770179748535,32.595001220703125
243,35.667091369628906,4.628724098205566,35.667091369628906,77.37843322753906,6.561001777648926,77.37843322753906
244,37.49566650390625,4.675288200378418,37.49566650390625,35.35197067260742,4.603599548339844,35.35197067260742
245,42.48229217529297,5.014157295227051,42.48229217529297,546.3790283203125,9.502306938171387,546.3790283203125
246,40.296363830566406,4.854152202606201,40.296363830566406,32.02635192871094,4.132650852203369,32.02635192871094
247,34.602359771728516,4.531713485717773,34.602359771728516,40.71974182128906,5.117181301116943,40.71974182128906
248,31.409523010253906,4.375111103057861,31.409523010253906,14.618799209594727,3.0390939712524414,14.618799209594727
249,38.82410430908203,4.769333839416504,38.82410430908203,63.705421447753906,6.20304536819458,63.705421447753906
250,34.18682861328125,4.576533317565918,34.18682861328125,36.97696304321289,5.047210693359375,36.97696304321289
251,35.76544189453125,4.543959140777588,35.76544189453125,15.399600982666016,3.435645580291748,15.399600982666016
252,38.01500701904297,4.639303207397461,38.01500701904297,62.96285629272461,5.544463157653809,62.96285629272461
253,38.434417724609375,4.756750106811523,38.434417724609375,305.1752014160156,8.295166969299316,305.1752014160156
254,35.414608001708984,4.613865852355957,35.414608001708984,21.46514892578125,3.4460933208465576,21.46514892578125
255,38.66703414916992,4.713575839996338,38.66703414916992,54.89927673339844,5.393840789794922,54.89927673339844
256,36.49428176879883,4.615207195281982,36.49428176879883,23.7288818359375,4.225142955780029,23.7288818359375
257,38.9700813293457,4.757625579833984,38.9700813293457,257.317626953125,8.132352828979492,257.317626953125
258,41.186622619628906,4.855149745941162,41.186622619628906,30.929798126220703,4.625079154968262,30.929798126220703
259,32.86505126953125,4.444275856018066,32.86505126953125,20.957902908325195,3.47752046585083,20.957902908325195
260,36.54327392578125,4.564903736114502,36.54327392578125,414.27069091796875,10.484780311584473,414.27069091796875
261,40.873809814453125,4.825652122497559,40.873809814453125,33.70111083984375,4.21294641494751,33.70111083984375
262,39.5387077331543,4.770142078399658,39.5387077331543,30.211803436279297,3.8797154426574707,30.211803436279297
263,39.74837112426758,4.723321914672852,39.74837112426758,388.9217224121094,7.759641647338867,388.9217224121094
264,37.9263916015625,4.657838821411133,37.9263916015625,46.68067169189453,5.076577186584473,46.68067169189453
265,36.5653190612793,4.697952747344971,36.5653190612793,42.362762451171875,5.024623870849609,42.362762451171875
266,36.67708969116211,4.495541572570801,36.67708969116211,24.701858520507812,3.4356343746185303,24.701858520507812
267,39.97550582885742,4.777048587799072,39.97550582885742,199.849609375,7.030921936035156,199.849609375
268,40.601226806640625,4.848616600036621,40.601226806640625,65.36858367919922,6.297794342041016,65.36858367919922
269,30.667646408081055,4.2252888679504395,30.667646408081055,34.510215759277344,5.159040927886963,34.510215759277344
270,35.538658142089844,4.549568176269531,35.538658142089844,19.078327178955078,3.5952670574188232,19.078327178955078
271,34.88333511352539,4.590973377227783,34.88333511352539,634.7963256835938,12.121973991394043,634.7963256835938
272,39.19076919555664,4.794917106628418,39.19076919555664,42.88874053955078,5.159736156463623,42.88874053955078
273,32.61771774291992,4.401830196380615,32.61771774291992,53.4676399230957,6.008632659912109,53.4676399230957
274,35.7508659362793,4.704869270324707,35.7508659362793,38.84239196777344,5.117945671081543,38.84239196777344
275,33.470890045166016,4.435105800628662,33.470890045166016,280.28533935546875,7.683948993682861,280.28533935546875
276,37.26911544799805,4.639484405517578,37.26911544799805,25.18703269958496,4.340408802032471,25.18703269958496
277,39.42621612548828,4.759646415710449,39.42621612548828,51.346675872802734,5.117059707641602,51.346675872802734
278,37.0160026550293,4.5468668937683105,37.0160026550293,45.745941162109375,5.366558074951172,45.745941162109375
279,41.80751037597656,4.942431449890137,41.80751037597656,623.96826171875,11.785364151000977,623.96826171875
280,35.9862174987793,4.629078388214111,35.9862174987793,22.212488174438477,3.830338478088379,22.212488174438477
281,33.6192512512207,4.428445339202881,33.6192512512207,25.95125961303711,3.943040370941162,25.95125961303711
282,34.55091094970703,4.520781517028809,34.55091094970703,32.727935791015625,4.257575511932373,32.727935791015625
283,35.959495544433594,4.539165019989014,35.959495544433594,162.08888244628906,7.255747318267822,162.08888244628906
284,40.861507415771484,4.852529525756836,40.861507415771484,598.02001953125,11.840272903442383,598.02001953125
285,36.983917236328125,4.7112908363342285,36.983917236328125,101.41065979003906,5.588037490844727,101.41065979003906
286,40.61265563964844,4.7852888107299805,40.61265563964844,275.5255126953125,8.257719993591309,275.5255126953125
287,38.07680892944336,4.690214157104492,38.07680892944336,48.75429153442383,4.389134407043457,48.75429153442383
288,38.340946197509766,4.712565898895264,38.340946197509766,38.768829345703125,4.952358245849609,38.768829345703125
289,37.30055618286133,4.682870864868164,37.30055618286133,47.308841705322266,4.470452785491943,47.308841705322266
290,33.427005767822266,4.459725856781006,33.427005767822266,29.70098304748535,4.264767169952393,29.70098304748535
291,40.04291915893555,4.849257469177246,40.04291915893555,27.26345443725586,4.529172420501709,27.26345443725586
292,38.618629455566406,4.776813983917236,38.618629455566406,137.66822814941406,6.462368965148926,137.66822814941406
293,33.245140075683594,4.468386173248291,33.245140075683594,12.835626602172852,3.144146680831909,12.835626602172852
294,38.76571273803711,4.750770092010498,38.76571273803711,32.1158561706543,4.5034284591674805,32.1158561706543
295,36.16627883911133,4.607874393463135,36.16627883911133,39.066314697265625,4.919865608215332,39.066314697265625
296,38.02180099487305,4.786739349365234,38.02180099487305,74.10263061523438,6.0248517990112305,74.10263061523438
297,40.22402572631836,4.8974504470825195,40.22402572631836,41.830867767333984,4.936212539672852,41.830867767333984
298,35.490501403808594,4.577571392059326,35.490501403808594,56.67704391479492,5.585438251495361,56.67704391479492
299,35.34123611450195,4.51698112487793,35.34123611450195,534.48486328125,10.310708999633789,534.48486328125
300,35.531761169433594,4.534764766693115,35.531761169433594,132.46543884277344,7.325732707977295,132.46543884277344
301,39.17173767089844,4.712120056152344,39.17173767089844,22.572256088256836,3.428969144821167,22.572256088256836
302,38.96142578125,4.688640117645264,38.96142578125,29.299270629882812,3.7966909408569336,29.299270629882812
303,34.622886657714844,4.490478038787842,34.622886657714844,59.66228485107422,5.3847246170043945,59.66228485107422
304,35.47616195678711,4.645517349243164,35.47616195678711,69.8275146484375,5.867097854614258,69.8275146484375
305,39.7259635925293,4.7538018226623535,39.7259635925293,59.64096450805664,5.470771789550781,59.64096450805664
306,39.57429885864258,4.849912166595459,39.57429885864258,62.24567794799805,5.31986665725708,62.24567794799805
307,38.74552917480469,4.739943504333496,38.74552917480469,14.290756225585938,3.2520101070404053,14.290756225585938
308,39.621768951416016,4.779560565948486,39.621768951416016,15.515632629394531,3.3489904403686523,15.515632629394531
309,38.375160217285156,4.670787334442139,38.375160217285156,38.30883026123047,4.413208961486816,38.30883026123047
310,33.48881912231445,4.482254981994629,33.48881912231445,40.53486251831055,4.6879706382751465,40.53486251831055
311,34.770103454589844,4.520354270935059,34.770103454589844,34.60984802246094,5.038910865783691,34.60984802246094
312,37.70644760131836,4.655244827270508,37.70644760131836,36.90242385864258,4.649110317230225,36.90242385864258
313,40.391902923583984,4.8017258644104,40.391902923583984,83.22535705566406,6.362759590148926,83.22535705566406
314,34.010746002197266,4.403591156005859,34.010746002197266,587.2969360351562,9.024226188659668,587.2969360351562
315,38.74785232543945,4.729852676391602,38.74785232543945,21.29416847229004,4.146439552307129,21.29416847229004
316,35.19467544555664,4.568424701690674,35.19467544555664,33.812744140625,4.927412509918213,33.812744140625
317,37.671363830566406,4.725256443023682,37.671363830566406,34.088958740234375,4.295421600341797,34.088958740234375
318,42.067718505859375,5.006648540496826,42.067718505859375,18.84942626953125,3.616205930709839,18.84942626953125
319,35.392234802246094,4.593654632568359,35.392234802246094,35.413368225097656,4.657741546630859,35.413368225097656
320,32.74221420288086,4.414491653442383,32.74221420288086,29.280319213867188,3.836810350418091,29.280319213867188
321,34.92722702026367,4.4861555099487305,34.92722702026367,26.80730438232422,4.074954509735107,26.80730438232422
322,37.417999267578125,4.609622955322266,37.417999267578125,61.55186462402344,5.935168266296387,61.55186462402344
323,37.38981628417969,4.695552349090576,37.38981628417969,16.818143844604492,3.558269500732422,16.818143844604492
324,40.27294158935547,4.827867031097412,40.27294158935547,54.15861129760742,5.550437927246094,54.15861129760742
325,36.27205276489258,4.678164005279541,36.27205276489258,34.049400329589844,4.6502509117126465,34.049400329589844
326,36.92692565917969,4.709702014923096,36.92692565917969,38.503089904785156,5.084306240081787,38.503089904785156
327,39.510528564453125,4.797152519226074,39.510528564453125,18.24186897277832,3.693601608276367,18.24186897277832
328,33.861053466796875,4.457760810852051,33.861053466796875,178.80665588378906,8.901906967163086,178.80665588378906
329,40.57941818237305,4.849266529083252,40.57941818237305,64.5775375366211,5.482072830200195,64.5775375366211
330,36.60393524169922,4.60124397277832,36.60393524169922,571.017578125,9.276782989501953,571.017578125
331,40.077938079833984,4.818821430206299,40.077938079833984,35.12117004394531,4.965268611907959,35.12117004394531
332,38.79269027709961,4.721161842346191,38.79269027709961,22.912878036499023,4.218564987182617,22.912878036499023
333,37.393917083740234,4.692613124847412,37.393917083740234,31.07676124572754,4.183716297149658,31.07676124572754
334,37.953060150146484,4.7417778968811035,37.953060150146484,39.09499740600586,4.756323337554932,39.09499740600586
335,34.06720733642578,4.480785846710205,34.06720733642578,60.48841094970703,6.213186264038086,60.48841094970703
336,35.72357177734375,4.6302666664123535,35.72357177734375,84.91876983642578,6.507535934448242,84.91876983642578
337,34.82167434692383,4.588662624359131,34.82167434692383,59.09501647949219,5.034730434417725,59.09501647949219
338,32.81903839111328,4.441159248352051,32.81903839111328,287.15875244140625,7.873263359069824,287.15875244140625
339,37.23560333251953,4.73520565032959,37.23560333251953,43.318572998046875,5.198513031005859,43.318572998046875
340,34.769771575927734,4.505481719970703,34.769771575927734,36.95027542114258,4.4933624267578125,36.95027542114258
341,39.14974594116211,4.755948543548584,39.14974594116211,20.943313598632812,3.765568494796753,20.943313598632812
342,34.68694305419922,4.579687118530273,34.68694305419922,174.66111755371094,7.155924320220947,174.66111755371094
343,37.61945724487305,4.703648567199707,37.61945724487305,49.77510070800781,5.731550693511963,49.77510070800781
344,37.36771774291992,4.691938877105713,37.36771774291992,37.2683219909668,4.843391418457031,37.2683219909668
345,37.150543212890625,4.556750297546387,37.150543212890625,15.001731872558594,3.375123977661133,15.001731872558594
346,37.38282775878906,4.643508434295654,37.38282775878906,54.26869201660156,5.69020938873291,54.26869201660156
347,36.47415542602539,4.563666343688965,36.47415542602539,30.027164459228516,3.6833159923553467,30.027164459228516
348,36.23839569091797,4.527289390563965,36.23839569091797,64.3121337890625,6.6519551277160645,64.3121337890625
349,34.90413284301758,4.505658149719238,34.90413284301758,44.26199722290039,5.109424114227295,44.26199722290039
350,37.40886306762695,4.659003734588623,37.40886306762695,32.29765701293945,4.1752848625183105,32.29765701293945
351,32.1566047668457,4.374154567718506,32.1566047668457,174.0384521484375,7.411427021026611,174.0384521484375
352,39.58188247680664,4.789538383483887,39.58188247680664,455.63873291015625,9.715405464172363,455.63873291015625
353,36.842044830322266,4.551634311676025,36.842044830322266,175.63601684570312,7.181936740875244,175.63601684570312
354,37.97922134399414,4.778684616088867,37.97922134399414,28.211395263671875,4.147068023681641,28.211395263671875
355,33.769920349121094,4.408941745758057,33.769920349121094,34.018218994140625,4.396407127380371,34.018218994140625
356,35.77566146850586,4.486440181732178,35.77566146850586,15.860823631286621,3.6288132667541504,15.860823631286621
357,34.829105377197266,4.534824371337891,34.829105377197266,272.57855224609375,7.959690093994141,272.57855224609375
358,39.72068405151367,4.824398040771484,39.72068405151367,29.76736831665039,4.497950077056885,29.76736831665039
359,35.65500259399414,4.543689250946045,35.65500259399414,63.95606231689453,4.9477338790893555,63.95606231689453
360,36.13302230834961,4.663294315338135,36.13302230834961,48.80495071411133,5.665781497955322,48.80495071411133
361,38.669036865234375,4.73599910736084,38.669036865234375,51.069087982177734,4.975088596343994,51.069087982177734
362,34.512210845947266,4.489299774169922,34.512210845947266,20.607328414916992,3.5439462661743164,20.607328414916992
363,36.9443359375,4.647754192352295,36.9443359375,84.5985107421875,6.825611114501953,84.5985107421875
364,34.75181198120117,4.476902008056641,34.75181198120117,276.1741638183594,7.698275566101074,276.1741638183594
365,35.4334716796875,4.492825984954834,35.4334716796875,38.0298957824707,5.192439079284668,38.0298957824707
366,38.97074890136719,4.713114261627197,38.97074890136719,30.400142669677734,4.31664514541626,30.400142669677734
367,36.64808654785156,4.504692077636719,36.64808654785156,12.77457046508789,3.0091118812561035,12.77457046508789
368,37.50688552856445,4.584628105163574,37.50688552856445,32.44956970214844,4.310077667236328,32.44956970214844
369,36.61901092529297,4.642209053039551,36.61901092529297,51.114837646484375,5.62425422668457,51.114837646484375
370,36.2747688293457,4.675736904144287,36.2747688293457,32.976009368896484,4.50825834274292,32.976009368896484
371,38.16691970825195,4.589417457580566,38.16691970825195,599.9373168945312,11.773724555969238,599.9373168945312
372,39.5626106262207,4.83651065826416,39.5626106262207,30.31389617919922,4.334089279174805,30.31389617919922
373,38.402488708496094,4.691211700439453,38.402488708496094,29.93531608581543,4.447097301483154,29.93531608581543
374,37.298892974853516,4.667096138000488,37.298892974853516,38.32360076904297,4.8956499099731445,38.32360076904297
375,36.47418975830078,4.619854927062988,36.47418975830078,32.25564956665039,4.546859264373779,32.25564956665039
376,37.32368087768555,4.697546482086182,37.32368087768555,39.36071014404297,4.517155170440674,39.36071014404297
377,33.99765396118164,4.5593438148498535,33.99765396118164,32.09125900268555,4.501932144165039,32.09125900268555
378,36.137142181396484,4.638270378112793,36.137142181396484,47.79962158203125,5.308078765869141,47.79962158203125
379,39.11135482788086,4.7415571212768555,39.11135482788086,28.63368797302246,4.264955520629883,28.63368797302246
380,35.181217193603516,4.487401008605957,35.181217193603516,448.8902587890625,8.977520942687988,448.8902587890625
381,36.928070068359375,4.600772380828857,36.928070068359375,39.6656494140625,5.444962978363037,39.6656494140625
382,35.086517333984375,4.502139091491699,35.086517333984375,24.184505462646484,4.117410182952881,24.184505462646484
383,36.10991287231445,4.518880367279053,36.10991287231445,324.3848876953125,9.02012825012207,324.3848876953125
384,36.098575592041016,4.608426094055176,36.098575592041016,526.9136352539062,9.209043502807617,526.9136352539062
385,29.719919204711914,4.254510402679443,29.719919204711914,362.5809631347656,7.464957237243652,362.5809631347656
