epoch,loss,mean_absolute_error,mean_squared_error,val_loss,val_mean_absolute_error,val_mean_squared_error
0,576.393798828125,15.490482330322266,576.393798828125,3960.9150390625,60.07920837402344,3960.9150390625
1,60.1114616394043,5.913813591003418,60.1114616394043,73.7831039428711,7.041713237762451,73.7831039428711
2,46.57183837890625,5.185122013092041,46.57183837890625,64.29315185546875,6.641467571258545,64.29315185546875
3,41.725364685058594,4.870700359344482,41.725364685058594,23.23444938659668,4.016750335693359,23.23444938659668
4,45.65401840209961,5.04482364654541,45.65401840209961,28.635204315185547,4.4040679931640625,28.635204315185547
5,35.538047790527344,4.496212482452393,35.538047790527344,32.5133171081543,4.811728000640869,32.5133171081543
6,41.6243896484375,4.7861552238464355,41.6243896484375,17.620182037353516,3.5663352012634277,17.620182037353516
7,42.15592575073242,4.99990701675415,42.15592575073242,49.72928237915039,5.079494476318359,49.72928237915039
8,39.67395782470703,4.702281951904297,39.67395782470703,32.990787506103516,5.076931953430176,32.990787506103516
9,45.44723892211914,5.149990558624268,45.44723892211914,25.54309844970703,3.764910936355591,25.54309844970703
10,47.71153259277344,5.086055755615234,47.71153259277344,26.995159149169922,3.652179479598999,26.995159149169922
11,43.047847747802734,5.058132648468018,43.047847747802734,36.528194427490234,4.643942356109619,36.528194427490234
12,40.476070404052734,4.887009143829346,40.476070404052734,27.506454467773438,3.9707398414611816,27.506454467773438
13,53.3957633972168,5.439378261566162,53.3957633972168,1209.4716796875,25.218036651611328,1209.4716796875
14,85.8094253540039,7.041879653930664,85.8094253540039,28.434303283691406,3.8519108295440674,28.434303283691406
15,70.49669647216797,6.453822612762451,70.49669647216797,50.05890655517578,5.448685169219971,50.05890655517578
16,59.472232818603516,5.959760665893555,59.472232818603516,37.210880279541016,4.3292155265808105,37.210880279541016
17,47.99125289916992,5.311094760894775,47.99125289916992,28.667129516601562,4.489095211029053,28.667129516601562
18,42.55169677734375,5.052855014801025,42.55169677734375,26.792909622192383,4.525043964385986,26.792909622192383
19,56.58261489868164,5.680012226104736,56.58261489868164,46.33686447143555,5.23953914642334,46.33686447143555
20,40.69611740112305,4.634095191955566,40.69611740112305,57.82180404663086,4.751810550689697,57.82180404663086
21,47.162208557128906,5.119621276855469,47.162208557128906,54.42081069946289,5.364275932312012,54.42081069946289
22,45.297088623046875,5.08409309387207,45.297088623046875,35.40142059326172,4.543665885925293,35.40142059326172
23,45.68574905395508,5.034866809844971,45.68574905395508,19.57790756225586,3.429842948913574,19.57790756225586
24,45.88261413574219,5.159090042114258,45.88261413574219,29.44306182861328,4.078144073486328,29.44306182861328
25,63.391693115234375,5.645335674285889,63.391693115234375,144.84739685058594,7.0541534423828125,144.84739685058594
26,45.6654167175293,4.9918599128723145,45.6654167175293,62.59166717529297,5.9628825187683105,62.59166717529297
27,39.77587890625,4.650853633880615,39.77587890625,282.03863525390625,8.381278991699219,282.03863525390625
28,45.92009353637695,4.947572708129883,45.92009353637695,46.597267150878906,5.203432083129883,46.597267150878906
29,37.23342514038086,4.494908332824707,37.23342514038086,37.57529067993164,4.971680164337158,37.57529067993164
30,45.51736068725586,5.0917463302612305,45.51736068725586,26.0887393951416,4.380458831787109,26.0887393951416
31,45.71567916870117,5.156353950500488,45.71567916870117,57.270023345947266,5.981110572814941,57.270023345947266
32,39.441650390625,4.686285018920898,39.441650390625,55.24172592163086,5.292564868927002,55.24172592163086
33,38.90178680419922,4.683833122253418,38.90178680419922,40.65838623046875,5.465656280517578,40.65838623046875
34,37.648345947265625,4.565542221069336,37.648345947265625,25.31264305114746,4.0477519035339355,25.31264305114746
35,41.851654052734375,4.821975231170654,41.851654052734375,41.610042572021484,4.853046894073486,41.610042572021484
36,46.68137741088867,5.022434711456299,46.68137741088867,19.062515258789062,3.2195253372192383,19.062515258789062
37,43.400413513183594,4.931723594665527,43.400413513183594,17.18735694885254,3.4612674713134766,17.18735694885254
38,38.529502868652344,4.627292633056641,38.529502868652344,42.0342903137207,4.7882232666015625,42.0342903137207
39,32.44281768798828,4.402781963348389,32.44281768798828,22.9233341217041,3.736762762069702,22.9233341217041
40,36.59086990356445,4.484673023223877,36.59086990356445,32.449310302734375,4.422153472900391,32.449310302734375
41,35.241233825683594,4.51529598236084,35.241233825683594,42.930816650390625,5.209979057312012,42.930816650390625
42,38.16158676147461,4.836866855621338,38.16158676147461,30.190933227539062,4.454331398010254,30.190933227539062
43,43.47792434692383,5.040201663970947,43.47792434692383,54.548545837402344,5.277099132537842,54.548545837402344
44,74.54319763183594,5.658341407775879,74.54319763183594,28.728851318359375,4.092010974884033,28.728851318359375
45,31.721824645996094,4.373261451721191,31.721824645996094,24.38630485534668,4.058136940002441,24.38630485534668
46,38.67861557006836,4.83814001083374,38.67861557006836,41.8034553527832,5.183615684509277,41.8034553527832
47,39.72232437133789,4.759304046630859,39.72232437133789,19.5543155670166,3.7321619987487793,19.5543155670166
48,36.73147964477539,4.506619930267334,36.73147964477539,17.203781127929688,3.435967206954956,17.203781127929688
49,33.54048538208008,4.43946647644043,33.54048538208008,30.12880516052246,4.398627758026123,30.12880516052246
50,40.2318000793457,4.786927223205566,40.2318000793457,32.4018440246582,4.32781457901001,32.4018440246582
51,36.22553634643555,4.748941898345947,36.22553634643555,13.941293716430664,3.159576416015625,13.941293716430664
52,39.78661346435547,4.767933368682861,39.78661346435547,23.521648406982422,3.8956832885742188,23.521648406982422
53,36.92778396606445,4.562985420227051,36.92778396606445,17.167375564575195,3.412362575531006,17.167375564575195
54,37.537879943847656,4.6053595542907715,37.537879943847656,21.907930374145508,4.039635181427002,21.907930374145508
55,40.54552459716797,4.772947788238525,40.54552459716797,39.922515869140625,4.44196891784668,39.922515869140625
56,37.4117431640625,4.713770389556885,37.4117431640625,42.05359649658203,5.065362453460693,42.05359649658203
57,38.14456558227539,4.691718578338623,38.14456558227539,37.07958984375,3.7255406379699707,37.07958984375
58,36.95478057861328,4.724745273590088,36.95478057861328,39.990333557128906,5.774866104125977,39.990333557128906
59,40.006134033203125,4.859222412109375,40.006134033203125,33.535099029541016,4.827038288116455,33.535099029541016
60,35.91862106323242,4.597670078277588,35.91862106323242,38.129703521728516,4.898516654968262,38.129703521728516
61,35.994903564453125,4.487089157104492,35.994903564453125,17.449338912963867,3.3609211444854736,17.449338912963867
62,32.7355842590332,4.465272426605225,32.7355842590332,38.57564163208008,5.516208648681641,38.57564163208008
63,37.48495864868164,4.594687461853027,37.48495864868164,36.31748962402344,4.986321449279785,36.31748962402344
64,35.04932403564453,4.552363872528076,35.04932403564453,31.210994720458984,4.521572589874268,31.210994720458984
65,35.06003952026367,4.561786651611328,35.06003952026367,53.3416862487793,5.279054641723633,53.3416862487793
66,34.39063262939453,4.56397819519043,34.39063262939453,45.98993682861328,4.635690212249756,45.98993682861328
67,36.40734100341797,4.607919216156006,36.40734100341797,57.23013687133789,5.456216335296631,57.23013687133789
68,39.64592742919922,4.790692329406738,39.64592742919922,22.920183181762695,4.256412506103516,22.920183181762695
69,36.89107131958008,4.610096454620361,36.89107131958008,50.00634002685547,5.493408679962158,50.00634002685547
70,35.01524353027344,4.453621864318848,35.01524353027344,37.58763122558594,4.678311824798584,37.58763122558594
71,39.1317024230957,4.707668304443359,39.1317024230957,27.70355224609375,4.336185932159424,27.70355224609375
72,39.378135681152344,4.714481830596924,39.378135681152344,45.36538314819336,5.32486629486084,45.36538314819336
73,38.64034652709961,4.65966796875,38.64034652709961,63.96744155883789,6.014807224273682,63.96744155883789
74,36.8474006652832,4.623440265655518,36.8474006652832,35.026512145996094,4.723198890686035,35.026512145996094
75,39.3975715637207,4.791043758392334,39.3975715637207,53.60314178466797,5.379645347595215,53.60314178466797
76,38.12066650390625,4.726893901824951,38.12066650390625,48.345184326171875,5.311216831207275,48.345184326171875
77,32.5177001953125,4.497964859008789,32.5177001953125,28.089263916015625,4.319678783416748,28.089263916015625
78,34.0656623840332,4.460624694824219,34.0656623840332,40.990169525146484,4.364912509918213,40.990169525146484
79,39.73021697998047,4.76828670501709,39.73021697998047,36.825801849365234,5.206239223480225,36.825801849365234
80,32.94320297241211,4.359071731567383,32.94320297241211,32.97593307495117,4.379868507385254,32.97593307495117
81,35.26583480834961,4.608004570007324,35.26583480834961,17.04566192626953,3.573746681213379,17.04566192626953
82,34.99429702758789,4.504524230957031,34.99429702758789,27.05799674987793,3.831531286239624,27.05799674987793
83,39.15229034423828,4.7613525390625,39.15229034423828,26.316083908081055,3.899916648864746,26.316083908081055
84,40.12098693847656,4.888241767883301,40.12098693847656,45.73183059692383,5.41472864151001,45.73183059692383
85,33.84030532836914,4.542362689971924,33.84030532836914,25.5506591796875,4.213006496429443,25.5506591796875
86,31.701513290405273,4.3819475173950195,31.701513290405273,32.32723617553711,4.795783519744873,32.32723617553711
87,37.711021423339844,4.67072057723999,37.711021423339844,47.886653900146484,4.783832550048828,47.886653900146484
88,35.712711334228516,4.618838310241699,35.712711334228516,39.19211959838867,4.721271514892578,39.19211959838867
89,37.789756774902344,4.688803672790527,37.789756774902344,24.37529754638672,4.090762615203857,24.37529754638672
90,38.20591354370117,4.7534685134887695,38.20591354370117,29.800569534301758,4.1019368171691895,29.800569534301758
91,38.69605255126953,4.717275142669678,38.69605255126953,37.938201904296875,4.340235710144043,37.938201904296875
92,38.4373893737793,4.754574298858643,38.4373893737793,24.629133224487305,3.7872884273529053,24.629133224487305
93,37.83235549926758,4.707592010498047,37.83235549926758,87.96940612792969,7.231975555419922,87.96940612792969
94,36.01598358154297,4.627364635467529,36.01598358154297,20.32998275756836,4.0686564445495605,20.32998275756836
95,34.68136215209961,4.545660018920898,34.68136215209961,37.20167922973633,4.949928283691406,37.20167922973633
96,36.402809143066406,4.760239124298096,36.402809143066406,56.35102462768555,5.380776882171631,56.35102462768555
97,35.423667907714844,4.608072757720947,35.423667907714844,74.20025634765625,6.680788040161133,74.20025634765625
98,37.21975326538086,4.762363910675049,37.21975326538086,36.29022216796875,4.588245391845703,36.29022216796875
99,38.89359664916992,4.798398494720459,38.89359664916992,35.12247085571289,4.370778560638428,35.12247085571289
100,34.22752380371094,4.462841987609863,34.22752380371094,40.636451721191406,4.978330135345459,40.636451721191406
101,37.64360427856445,4.637016296386719,37.64360427856445,42.75011444091797,4.731542110443115,42.75011444091797
102,40.7928581237793,4.884807109832764,40.7928581237793,33.81928253173828,4.502113342285156,33.81928253173828
103,35.26969528198242,4.663241386413574,35.26969528198242,35.561195373535156,4.416040897369385,35.561195373535156
104,33.67094039916992,4.5493974685668945,33.67094039916992,32.584312438964844,4.717255115509033,32.584312438964844
105,36.5682487487793,4.6263651847839355,36.5682487487793,12.24267292022705,2.7896273136138916,12.24267292022705
106,37.234825134277344,4.640453815460205,37.234825134277344,59.487152099609375,5.732128143310547,59.487152099609375
107,38.1212272644043,4.658840179443359,38.1212272644043,40.284828186035156,5.212771892547607,40.284828186035156
108,36.9891471862793,4.642696380615234,36.9891471862793,42.693260192871094,4.919834136962891,42.693260192871094
109,35.30391311645508,4.4973578453063965,35.30391311645508,55.11124038696289,5.874608039855957,55.11124038696289
110,35.50648498535156,4.573041915893555,35.50648498535156,58.079803466796875,5.440805912017822,58.079803466796875
111,34.573909759521484,4.501437187194824,34.573909759521484,26.099349975585938,3.8821303844451904,26.099349975585938
112,41.799400329589844,4.99100923538208,41.799400329589844,42.342403411865234,5.04595422744751,42.342403411865234
113,35.77106857299805,4.568380832672119,35.77106857299805,39.893550872802734,4.981741428375244,39.893550872802734
114,37.801353454589844,4.629942417144775,37.801353454589844,24.840377807617188,3.982403039932251,24.840377807617188
115,39.47176742553711,4.795986652374268,39.47176742553711,63.78982925415039,5.811809062957764,63.78982925415039
116,37.55129623413086,4.7267937660217285,37.55129623413086,17.93340301513672,3.5569515228271484,17.93340301513672
117,36.139102935791016,4.539825439453125,36.139102935791016,24.002111434936523,4.15805721282959,24.002111434936523
118,36.47963333129883,4.699726104736328,36.47963333129883,22.672592163085938,4.024294853210449,22.672592163085938
119,38.07254409790039,4.692570686340332,38.07254409790039,34.73513412475586,5.35572624206543,34.73513412475586
120,35.61112976074219,4.610525131225586,35.61112976074219,40.284873962402344,4.968536853790283,40.284873962402344
121,38.97010803222656,4.805028915405273,38.97010803222656,31.964075088500977,4.040789604187012,31.964075088500977
122,37.648284912109375,4.589968681335449,37.648284912109375,19.715574264526367,3.673044204711914,19.715574264526367
123,36.4737434387207,4.541966438293457,36.4737434387207,51.99787521362305,5.469821929931641,51.99787521362305
124,39.8838005065918,4.844440937042236,39.8838005065918,26.131582260131836,4.05189847946167,26.131582260131836
125,34.17599105834961,4.44363260269165,34.17599105834961,11.537575721740723,2.840637683868408,11.537575721740723
126,36.99857711791992,4.705489635467529,36.99857711791992,16.30216407775879,3.4468204975128174,16.30216407775879
127,32.90408706665039,4.405534744262695,32.90408706665039,33.335357666015625,4.474597930908203,33.335357666015625
128,32.3868522644043,4.308074474334717,32.3868522644043,14.051372528076172,3.1513493061065674,14.051372528076172
129,35.08072280883789,4.507762432098389,35.08072280883789,40.876625061035156,4.103531360626221,40.876625061035156
130,33.26735305786133,4.420887470245361,33.26735305786133,13.847660064697266,3.1565773487091064,13.847660064697266
131,40.86585998535156,4.869099140167236,40.86585998535156,36.89971923828125,4.678260326385498,36.89971923828125
132,36.969337463378906,4.552682399749756,36.969337463378906,42.69516372680664,3.90954327583313,42.69516372680664
133,34.64742660522461,4.51310396194458,34.64742660522461,44.618751525878906,5.611053943634033,44.618751525878906
134,36.956016540527344,4.5654497146606445,36.956016540527344,19.42514991760254,3.77935528755188,19.42514991760254
135,36.15605545043945,4.596073627471924,36.15605545043945,26.407367706298828,4.068010330200195,26.407367706298828
136,37.82511520385742,4.635316848754883,37.82511520385742,33.7628288269043,4.849819183349609,33.7628288269043
137,37.23931121826172,4.7127299308776855,37.23931121826172,43.303897857666016,4.979839324951172,43.303897857666016
138,37.70267105102539,4.704894065856934,37.70267105102539,44.65803909301758,4.777298927307129,44.65803909301758
139,35.97132110595703,4.606880187988281,35.97132110595703,24.24346160888672,4.244111061096191,24.24346160888672
140,36.520084381103516,4.5876288414001465,36.520084381103516,22.137144088745117,3.7320101261138916,22.137144088745117
141,37.754905700683594,4.816621780395508,37.754905700683594,39.683624267578125,4.628705978393555,39.683624267578125
142,37.688133239746094,4.622929096221924,37.688133239746094,38.500160217285156,4.4163923263549805,38.500160217285156
143,33.66452407836914,4.452718257904053,33.66452407836914,62.52884292602539,6.650631904602051,62.52884292602539
144,37.73050308227539,4.608841896057129,37.73050308227539,27.415159225463867,4.554132461547852,27.415159225463867
145,39.83358383178711,4.856846809387207,39.83358383178711,15.599717140197754,3.468311309814453,15.599717140197754
146,35.77542495727539,4.581613063812256,35.77542495727539,59.347511291503906,6.189319133758545,59.347511291503906
147,36.06306838989258,4.55849027633667,36.06306838989258,30.179824829101562,4.875403881072998,30.179824829101562
148,35.48040771484375,4.480781555175781,35.48040771484375,29.810131072998047,4.145504951477051,29.810131072998047
149,33.91936111450195,4.555672645568848,33.91936111450195,52.070499420166016,5.774020671844482,52.070499420166016
150,40.0960807800293,4.847682476043701,40.0960807800293,19.56545066833496,3.61246657371521,19.56545066833496
151,37.749000549316406,4.654197692871094,37.749000549316406,55.91570281982422,5.980721473693848,55.91570281982422
152,38.74333953857422,4.776784420013428,38.74333953857422,22.959070205688477,3.938990831375122,22.959070205688477
153,36.28499984741211,4.5334601402282715,36.28499984741211,24.13205337524414,3.750051498413086,24.13205337524414
154,37.436893463134766,4.675262928009033,37.436893463134766,72.90323638916016,6.827870845794678,72.90323638916016
155,37.98325729370117,4.63444185256958,37.98325729370117,72.53385925292969,6.671797752380371,72.53385925292969
156,39.14765930175781,4.7588701248168945,39.14765930175781,38.17396926879883,5.262041091918945,38.17396926879883
157,40.625335693359375,4.880642414093018,40.625335693359375,18.539710998535156,3.6084046363830566,18.539710998535156
158,37.11251449584961,4.6233930587768555,37.11251449584961,22.570035934448242,4.1334404945373535,22.570035934448242
159,34.667205810546875,4.605437278747559,34.667205810546875,33.764930725097656,4.203895092010498,33.764930725097656
160,35.7505989074707,4.635344982147217,35.7505989074707,26.353811264038086,4.02545166015625,26.353811264038086
161,35.78264236450195,4.569996356964111,35.78264236450195,56.882320404052734,6.082988262176514,56.882320404052734
162,33.616859436035156,4.454773426055908,33.616859436035156,21.804641723632812,3.948923349380493,21.804641723632812
163,41.010040283203125,4.843613624572754,41.010040283203125,45.579994201660156,5.403193473815918,45.579994201660156
164,35.4491081237793,4.498988628387451,35.4491081237793,20.137374877929688,3.4651830196380615,20.137374877929688
165,38.5322265625,4.744981288909912,38.5322265625,15.483116149902344,3.315701723098755,15.483116149902344
166,32.256309509277344,4.438846588134766,32.256309509277344,78.27645111083984,6.922807216644287,78.27645111083984
167,36.73870086669922,4.597564697265625,36.73870086669922,17.61418342590332,3.6996238231658936,17.61418342590332
168,36.584163665771484,4.661462306976318,36.584163665771484,42.24669647216797,5.150583267211914,42.24669647216797
169,36.120174407958984,4.545567512512207,36.120174407958984,25.70996856689453,3.8991754055023193,25.70996856689453
170,39.24797058105469,4.845377445220947,39.24797058105469,22.648712158203125,4.037264823913574,22.648712158203125
171,41.28147888183594,4.857089042663574,41.28147888183594,30.797866821289062,4.133215427398682,30.797866821289062
172,33.86357879638672,4.404667854309082,33.86357879638672,26.70089340209961,4.163599967956543,26.70089340209961
173,37.8127326965332,4.670340061187744,37.8127326965332,52.52164077758789,5.648183822631836,52.52164077758789
174,36.084716796875,4.622061729431152,36.084716796875,37.59750747680664,5.205495834350586,37.59750747680664
175,31.815597534179688,4.323845863342285,31.815597534179688,57.9522819519043,5.66708517074585,57.9522819519043
176,39.676937103271484,4.7354559898376465,39.676937103271484,23.77754020690918,3.5033516883850098,23.77754020690918
177,37.634033203125,4.70241641998291,37.634033203125,15.836881637573242,3.215338945388794,15.836881637573242
178,38.193702697753906,4.672953128814697,38.193702697753906,57.35970687866211,5.820716857910156,57.35970687866211
179,35.921085357666016,4.580568313598633,35.921085357666016,26.563350677490234,4.420327186584473,26.563350677490234
180,39.97677230834961,4.815937519073486,39.97677230834961,49.55499267578125,5.509239673614502,49.55499267578125
181,38.325984954833984,4.689170837402344,38.325984954833984,23.00715446472168,3.7731125354766846,23.00715446472168
182,35.2920036315918,4.5897321701049805,35.2920036315918,60.42350387573242,5.416164875030518,60.42350387573242
183,30.5247859954834,4.261796474456787,30.5247859954834,32.58842086791992,3.47192645072937,32.58842086791992
184,37.540367126464844,4.77905797958374,37.540367126464844,55.229984283447266,5.46403169631958,55.229984283447266
185,39.42984390258789,4.711700439453125,39.42984390258789,47.58865737915039,5.186726093292236,47.58865737915039
186,37.165061950683594,4.809473991394043,37.165061950683594,28.08908462524414,3.8226587772369385,28.08908462524414
187,37.28512954711914,4.715500354766846,37.28512954711914,25.933902740478516,3.9802231788635254,25.933902740478516
188,35.849891662597656,4.571469783782959,35.849891662597656,30.843793869018555,4.165922164916992,30.843793869018555
189,38.45215606689453,4.75560188293457,38.45215606689453,59.95708465576172,6.033235549926758,59.95708465576172
190,32.00996398925781,4.39503288269043,32.00996398925781,22.63530731201172,4.050900936126709,22.63530731201172
191,35.130828857421875,4.523495674133301,35.130828857421875,16.47878646850586,3.4703125953674316,16.47878646850586
192,40.697776794433594,4.8353190422058105,40.697776794433594,35.6003303527832,4.805131435394287,35.6003303527832
193,29.081586837768555,4.304618835449219,29.081586837768555,14.043355941772461,3.2530934810638428,14.043355941772461
194,36.4755973815918,4.5570149421691895,36.4755973815918,71.33732604980469,6.359188079833984,71.33732604980469
195,34.45162582397461,4.513031005859375,34.45162582397461,45.934173583984375,5.603731632232666,45.934173583984375
196,37.25094223022461,4.603469371795654,37.25094223022461,37.47164535522461,5.353582859039307,37.47164535522461
197,37.8698616027832,4.652041435241699,37.8698616027832,21.99310874938965,3.918943405151367,21.99310874938965
198,37.83500289916992,4.712667942047119,37.83500289916992,34.27199935913086,4.4416093826293945,34.27199935913086
199,36.97639465332031,4.68375825881958,36.97639465332031,76.61949920654297,6.417808532714844,76.61949920654297
200,29.456937789916992,4.198767185211182,29.456937789916992,27.630138397216797,4.569708824157715,27.630138397216797
201,31.468971252441406,4.3392839431762695,31.468971252441406,30.55046844482422,4.614511489868164,30.55046844482422
202,38.405418395996094,4.731531143188477,38.405418395996094,37.01815414428711,5.2126030921936035,37.01815414428711
203,37.45567321777344,4.693203449249268,37.45567321777344,47.053749084472656,5.027629375457764,47.053749084472656
204,37.66767120361328,4.695660591125488,37.66767120361328,15.921442031860352,3.2473721504211426,15.921442031860352
205,39.72722244262695,4.848959445953369,39.72722244262695,59.56614685058594,5.429622650146484,59.56614685058594
206,38.21456527709961,4.659427642822266,38.21456527709961,52.55696105957031,5.223686218261719,52.55696105957031
207,38.89228820800781,4.745604991912842,38.89228820800781,16.166250228881836,3.52850341796875,16.166250228881836
208,34.942691802978516,4.523691654205322,34.942691802978516,46.89459991455078,4.622361660003662,46.89459991455078
209,35.079227447509766,4.588367938995361,35.079227447509766,42.113929748535156,5.191792011260986,42.113929748535156
210,31.58501625061035,4.435780048370361,31.58501625061035,15.825799942016602,3.2695631980895996,15.825799942016602
211,35.48674774169922,4.521481990814209,35.48674774169922,35.35762023925781,4.8854756355285645,35.35762023925781
212,38.59711456298828,4.6885271072387695,38.59711456298828,68.02942657470703,6.556026935577393,68.02942657470703
213,40.46506881713867,4.823640823364258,40.46506881713867,37.0556640625,4.564628601074219,37.0556640625
214,36.11639404296875,4.5567731857299805,36.11639404296875,28.187725067138672,4.22711706161499,28.187725067138672
215,41.38218307495117,4.870402812957764,41.38218307495117,35.244712829589844,4.474189281463623,35.244712829589844
216,37.663230895996094,4.591567039489746,37.663230895996094,51.506446838378906,5.2181854248046875,51.506446838378906
217,39.58799743652344,4.7525105476379395,39.58799743652344,28.85962677001953,4.747682094573975,28.85962677001953
218,35.010128021240234,4.57892370223999,35.010128021240234,28.043004989624023,4.770107746124268,28.043004989624023
219,34.801422119140625,4.512190341949463,34.801422119140625,39.37394714355469,4.930793285369873,39.37394714355469
220,34.31856155395508,4.458282947540283,34.31856155395508,28.80261993408203,3.863048791885376,28.80261993408203
221,34.02294158935547,4.427505970001221,34.02294158935547,55.98347091674805,4.964839458465576,55.98347091674805
222,38.01477813720703,4.712334632873535,38.01477813720703,26.22911834716797,4.430943489074707,26.22911834716797
223,37.730445861816406,4.671291828155518,37.730445861816406,30.064456939697266,4.1439056396484375,30.064456939697266
224,37.6563720703125,4.727453708648682,37.6563720703125,25.752763748168945,4.155630111694336,25.752763748168945
225,32.900203704833984,4.438540935516357,32.900203704833984,23.72856903076172,4.206300735473633,23.72856903076172
226,35.901493072509766,4.624405860900879,35.901493072509766,35.801673889160156,4.745099067687988,35.801673889160156
227,34.80794906616211,4.5891642570495605,34.80794906616211,38.08336639404297,4.914214611053467,38.08336639404297
228,33.99589920043945,4.487479209899902,33.99589920043945,18.64530372619629,3.755679130554199,18.64530372619629
229,39.339637756347656,4.781884670257568,39.339637756347656,58.11783981323242,5.493720054626465,58.11783981323242
230,38.23812484741211,4.7310099601745605,38.23812484741211,28.179786682128906,4.103349685668945,28.179786682128906
231,36.600250244140625,4.633543014526367,36.600250244140625,41.559539794921875,5.458932399749756,41.559539794921875
232,35.20697784423828,4.475582599639893,35.20697784423828,31.761865615844727,4.643009185791016,31.761865615844727
233,34.9454231262207,4.522887229919434,34.9454231262207,42.94917297363281,4.752414703369141,42.94917297363281
234,36.31039047241211,4.514344215393066,36.31039047241211,16.97176170349121,3.1949360370635986,16.97176170349121
235,40.16950988769531,4.826902866363525,40.16950988769531,60.833431243896484,5.833891868591309,60.833431243896484
236,35.96615219116211,4.5310492515563965,35.96615219116211,66.73977661132812,5.921031951904297,66.73977661132812
237,34.617156982421875,4.567362308502197,34.617156982421875,21.826814651489258,3.9416589736938477,21.826814651489258
238,40.180545806884766,4.824326992034912,40.180545806884766,60.23624801635742,6.376786708831787,60.23624801635742
239,38.56599426269531,4.660851955413818,38.56599426269531,31.409032821655273,4.504623889923096,31.409032821655273
240,38.22687911987305,4.672737121582031,38.22687911987305,45.2673225402832,5.391766548156738,45.2673225402832
241,36.62584686279297,4.655015468597412,36.62584686279297,39.800384521484375,5.5716705322265625,39.800384521484375
242,31.379915237426758,4.278772354125977,31.379915237426758,55.29549789428711,5.367120265960693,55.29549789428711
243,35.100433349609375,4.511635780334473,35.100433349609375,54.363582611083984,5.415893077850342,54.363582611083984
244,30.700746536254883,4.294171333312988,30.700746536254883,21.857715606689453,4.040942668914795,21.857715606689453
245,35.524803161621094,4.513923168182373,35.524803161621094,26.3222713470459,3.669316291809082,26.3222713470459
246,30.554519653320312,4.289536476135254,30.554519653320312,31.31545066833496,4.274697780609131,31.31545066833496
247,33.6468620300293,4.471967697143555,33.6468620300293,44.76519775390625,5.489456653594971,44.76519775390625
248,34.11685562133789,4.5117340087890625,34.11685562133789,24.962696075439453,4.34460973739624,24.962696075439453
249,38.82712173461914,4.690519332885742,38.82712173461914,39.62105178833008,4.807405948638916,39.62105178833008
250,36.56575012207031,4.6619343757629395,36.56575012207031,60.31204605102539,6.431750774383545,60.31204605102539
251,39.054752349853516,4.769101142883301,39.054752349853516,32.47037124633789,4.512267589569092,32.47037124633789
252,39.241695404052734,4.818740367889404,39.241695404052734,30.850540161132812,4.811405181884766,30.850540161132812
253,34.376243591308594,4.606780052185059,34.376243591308594,30.274389266967773,4.22333288192749,30.274389266967773
254,40.419952392578125,4.825516223907471,40.419952392578125,42.12907409667969,4.996662139892578,42.12907409667969
255,35.91476058959961,4.582981586456299,35.91476058959961,35.707061767578125,4.776862144470215,35.707061767578125
256,34.98517990112305,4.556270122528076,34.98517990112305,21.728803634643555,4.012151718139648,21.728803634643555
257,32.671695709228516,4.36164665222168,32.671695709228516,29.035263061523438,3.9304652214050293,29.035263061523438
258,38.043548583984375,4.6151509284973145,38.043548583984375,45.20048141479492,5.605154037475586,45.20048141479492
259,39.89374542236328,4.807485580444336,39.89374542236328,28.763221740722656,4.766547203063965,28.763221740722656
260,36.845069885253906,4.6015143394470215,36.845069885253906,33.85390090942383,4.89384651184082,33.85390090942383
261,36.200035095214844,4.685688495635986,36.200035095214844,11.826860427856445,2.7146854400634766,11.826860427856445
262,38.3778190612793,4.736654281616211,38.3778190612793,38.9065055847168,5.018870830535889,38.9065055847168
263,36.99127960205078,4.579725742340088,36.99127960205078,28.871252059936523,4.072973728179932,28.871252059936523
264,39.88144302368164,4.921403884887695,39.88144302368164,19.035480499267578,3.4554927349090576,19.035480499267578
265,39.17573165893555,4.7351789474487305,39.17573165893555,35.10606384277344,5.123233318328857,35.10606384277344
266,34.37297821044922,4.585735321044922,34.37297821044922,22.349817276000977,3.561718225479126,22.349817276000977
267,36.61294937133789,4.594539642333984,36.61294937133789,31.033716201782227,4.546395301818848,31.033716201782227
268,41.47783660888672,4.9626946449279785,41.47783660888672,48.17914581298828,5.001004695892334,48.17914581298828
269,38.63575744628906,4.73927116394043,38.63575744628906,33.72052001953125,4.4427642822265625,33.72052001953125
270,38.774784088134766,4.780646324157715,38.774784088134766,12.864821434020996,3.013707399368286,12.864821434020996
271,36.08915328979492,4.598838806152344,36.08915328979492,25.946609497070312,3.978590488433838,25.946609497070312
272,37.52357864379883,4.634364128112793,37.52357864379883,37.25815200805664,5.064208984375,37.25815200805664
273,36.25436019897461,4.577751159667969,36.25436019897461,13.21796989440918,2.962149143218994,13.21796989440918
274,38.83229064941406,4.737820148468018,38.83229064941406,25.053421020507812,4.176587104797363,25.053421020507812
275,37.550559997558594,4.621728420257568,37.550559997558594,53.660221099853516,5.367102146148682,53.660221099853516
276,38.45338821411133,4.696399211883545,38.45338821411133,65.46636962890625,6.138862133026123,65.46636962890625
277,38.29190444946289,4.768135070800781,38.29190444946289,37.20096969604492,4.628750324249268,37.20096969604492
278,36.954891204833984,4.641439437866211,36.954891204833984,27.06574821472168,4.070316314697266,27.06574821472168
279,36.2674674987793,4.595430850982666,36.2674674987793,47.938629150390625,5.636219501495361,47.938629150390625
280,39.238731384277344,4.719740867614746,39.238731384277344,11.809837341308594,2.954108953475952,11.809837341308594
281,36.42371368408203,4.576098442077637,36.42371368408203,42.133705139160156,4.752259254455566,42.133705139160156
282,37.83509063720703,4.649844169616699,37.83509063720703,26.936601638793945,4.302896976470947,26.936601638793945
283,33.3279914855957,4.461477756500244,33.3279914855957,25.12885284423828,3.8513967990875244,25.12885284423828
284,38.00516128540039,4.682442665100098,38.00516128540039,26.527687072753906,4.020729064941406,26.527687072753906
285,36.0258903503418,4.551021099090576,36.0258903503418,25.44388198852539,3.957376718521118,25.44388198852539
286,34.35919189453125,4.516202926635742,34.35919189453125,30.318099975585938,4.011570453643799,30.318099975585938
287,38.881591796875,4.654232025146484,38.881591796875,36.08632278442383,4.598564624786377,36.08632278442383
288,35.00285720825195,4.512213706970215,35.00285720825195,57.041542053222656,5.973196983337402,57.041542053222656
289,38.189579010009766,4.716098785400391,38.189579010009766,30.633102416992188,4.385462284088135,30.633102416992188
290,34.662349700927734,4.465651035308838,34.662349700927734,12.51573657989502,3.081753730773926,12.51573657989502
291,31.475915908813477,4.1831374168396,31.475915908813477,22.845895767211914,4.106767654418945,22.845895767211914
292,37.05330276489258,4.642173767089844,37.05330276489258,16.303129196166992,3.4097118377685547,16.303129196166992
293,39.51097869873047,4.667313575744629,39.51097869873047,38.808319091796875,4.54273796081543,38.808319091796875
294,37.58604431152344,4.670377254486084,37.58604431152344,23.237661361694336,4.218169212341309,23.237661361694336
295,34.533809661865234,4.411448001861572,34.533809661865234,30.721269607543945,4.440340042114258,30.721269607543945
296,37.94447326660156,4.702048301696777,37.94447326660156,20.120223999023438,3.521073818206787,20.120223999023438
297,33.65109634399414,4.5093302726745605,33.65109634399414,26.505233764648438,4.302034378051758,26.505233764648438
298,38.651458740234375,4.697728633880615,38.651458740234375,53.13593673706055,5.514337539672852,53.13593673706055
299,33.04150390625,4.437468528747559,33.04150390625,28.92693328857422,4.329727649688721,28.92693328857422
300,39.75591278076172,4.813116073608398,39.75591278076172,37.61935806274414,4.7053303718566895,37.61935806274414
301,38.55796813964844,4.810300827026367,38.55796813964844,54.68341064453125,5.492282867431641,54.68341064453125
302,37.96441650390625,4.651132106781006,37.96441650390625,28.223115921020508,3.864557981491089,28.223115921020508
303,38.11032485961914,4.700933456420898,38.11032485961914,10.249920845031738,2.7468903064727783,10.249920845031738
304,33.898651123046875,4.595611095428467,33.898651123046875,63.16138458251953,6.445827007293701,63.16138458251953
305,37.800132751464844,4.633437156677246,37.800132751464844,19.4968204498291,4.073262691497803,19.4968204498291
306,39.53596115112305,4.8282246589660645,39.53596115112305,21.961305618286133,3.996706247329712,21.961305618286133
307,40.96969223022461,4.957058906555176,40.96969223022461,54.25517654418945,5.599585056304932,54.25517654418945
308,35.73610305786133,4.5095744132995605,35.73610305786133,18.812894821166992,3.715405225753784,18.812894821166992
309,31.365230560302734,4.302104949951172,31.365230560302734,3495.994873046875,17.620304107666016,3495.994873046875
310,33.8794059753418,4.465271472930908,33.8794059753418,46.224796295166016,5.299707889556885,46.224796295166016
311,36.18601989746094,4.728137493133545,36.18601989746094,40.90248107910156,5.335797309875488,40.90248107910156
312,39.65618133544922,4.810352802276611,39.65618133544922,36.89668655395508,4.825074195861816,36.89668655395508
313,34.64523696899414,4.411367416381836,34.64523696899414,61.695499420166016,5.694000720977783,61.695499420166016
314,36.852272033691406,4.6701273918151855,36.852272033691406,62.94918441772461,5.117167949676514,62.94918441772461
315,31.76410675048828,4.427325248718262,31.76410675048828,18.74214744567871,3.730639934539795,18.74214744567871
316,36.259029388427734,4.54585075378418,36.259029388427734,54.52268981933594,5.8813347816467285,54.52268981933594
317,37.03572082519531,4.705907821655273,37.03572082519531,33.592376708984375,4.732545852661133,33.592376708984375
318,36.19440841674805,4.666483402252197,36.19440841674805,34.98434066772461,4.597196102142334,34.98434066772461
319,35.892333984375,4.520568370819092,35.892333984375,21.123497009277344,4.047856330871582,21.123497009277344
320,38.939064025878906,4.677107334136963,38.939064025878906,38.12900161743164,4.846344947814941,38.12900161743164
321,35.833824157714844,4.615111827850342,35.833824157714844,24.407712936401367,3.9991703033447266,24.407712936401367
322,37.972984313964844,4.738924026489258,37.972984313964844,30.373628616333008,4.73684024810791,30.373628616333008
323,38.3047981262207,4.63027811050415,38.3047981262207,16.68836784362793,3.3466835021972656,16.68836784362793
324,37.59954071044922,4.687346935272217,37.59954071044922,25.872962951660156,3.849855661392212,25.872962951660156
325,32.48165512084961,4.390653610229492,32.48165512084961,56.197792053222656,5.649930000305176,56.197792053222656
326,33.31893539428711,4.474915981292725,33.31893539428711,59.51161193847656,6.231917858123779,59.51161193847656
327,37.59146499633789,4.7125163078308105,37.59146499633789,53.286529541015625,6.290916919708252,53.286529541015625
328,38.361698150634766,4.8020806312561035,38.361698150634766,32.88561248779297,4.391770362854004,32.88561248779297
329,33.20066452026367,4.483511924743652,33.20066452026367,33.46440124511719,4.6876301765441895,33.46440124511719
330,38.84136962890625,4.68011999130249,38.84136962890625,18.286916732788086,3.7082581520080566,18.286916732788086
331,36.26556396484375,4.589231491088867,36.26556396484375,44.25566482543945,4.889362812042236,44.25566482543945
332,38.31184005737305,4.645437240600586,38.31184005737305,24.561107635498047,3.6095118522644043,24.561107635498047
333,36.45886993408203,4.630397796630859,36.45886993408203,34.23355484008789,5.014909267425537,34.23355484008789
334,31.411277770996094,4.343075752258301,31.411277770996094,25.60094451904297,4.449983596801758,25.60094451904297
335,37.617733001708984,4.656402111053467,37.617733001708984,40.64632034301758,5.057565689086914,40.64632034301758
336,37.13226318359375,4.617938041687012,37.13226318359375,19.654979705810547,3.7081236839294434,19.654979705810547
337,36.969261169433594,4.597219467163086,36.969261169433594,17.69988250732422,3.716796398162842,17.69988250732422
338,32.80034255981445,4.406550884246826,32.80034255981445,39.038978576660156,4.286151885986328,39.038978576660156
339,32.84601593017578,4.499112606048584,32.84601593017578,62.146549224853516,5.510477542877197,62.146549224853516
340,36.640113830566406,4.712701320648193,36.640113830566406,28.36836814880371,3.841963291168213,28.36836814880371
341,33.839290618896484,4.482710361480713,33.839290618896484,40.20174789428711,5.51936674118042,40.20174789428711
342,39.632022857666016,4.825286865234375,39.632022857666016,27.75551986694336,3.9339635372161865,27.75551986694336
343,33.62696838378906,4.414437770843506,33.62696838378906,54.13239669799805,5.886598110198975,54.13239669799805
344,35.82218551635742,4.460219383239746,35.82218551635742,47.532894134521484,4.64252233505249,47.532894134521484
345,38.889442443847656,4.747430801391602,38.889442443847656,24.17235565185547,4.087602615356445,24.17235565185547
346,34.17308807373047,4.51240348815918,34.17308807373047,46.96222686767578,5.3299241065979,46.96222686767578
347,37.54194259643555,4.587615013122559,37.54194259643555,54.59227752685547,5.499063968658447,54.59227752685547
348,39.08395004272461,4.75648832321167,39.08395004272461,22.939716339111328,3.611865758895874,22.939716339111328
349,38.8368034362793,4.732651710510254,38.8368034362793,56.440673828125,5.246396541595459,56.440673828125
350,37.68026351928711,4.618199348449707,37.68026351928711,81.71089172363281,7.419930458068848,81.71089172363281
351,39.40522766113281,4.7985711097717285,39.40522766113281,76.75300598144531,6.275139331817627,76.75300598144531
352,35.3946533203125,4.537267684936523,35.3946533203125,21.776165008544922,3.907503843307495,21.776165008544922
353,38.65814208984375,4.747422695159912,38.65814208984375,39.39778137207031,4.854118347167969,39.39778137207031
354,39.256622314453125,4.708629608154297,39.256622314453125,49.39099884033203,5.017086029052734,49.39099884033203
355,38.7282600402832,4.816557884216309,38.7282600402832,34.843624114990234,4.516022205352783,34.843624114990234
356,37.8768424987793,4.705613613128662,37.8768424987793,28.747249603271484,4.076488971710205,28.747249603271484
357,33.51759338378906,4.506612777709961,33.51759338378906,59.90498352050781,5.7527923583984375,59.90498352050781
358,37.250736236572266,4.705560684204102,37.250736236572266,23.365568161010742,4.290059566497803,23.365568161010742
359,35.500244140625,4.617547512054443,35.500244140625,36.50921630859375,4.122626781463623,36.50921630859375
360,31.244041442871094,4.332210063934326,31.244041442871094,28.543733596801758,4.406308650970459,28.543733596801758
361,39.639801025390625,4.727176189422607,39.639801025390625,14.936441421508789,3.4483985900878906,14.936441421508789
362,35.75483703613281,4.736788272857666,35.75483703613281,47.70970916748047,5.5735907554626465,47.70970916748047
363,35.639503479003906,4.542270660400391,35.639503479003906,14.090896606445312,3.022021532058716,14.090896606445312
364,37.75558090209961,4.6204352378845215,37.75558090209961,19.0369873046875,3.344071626663208,19.0369873046875
365,35.556663513183594,4.579010009765625,35.556663513183594,41.80360794067383,5.52738094329834,41.80360794067383
366,40.48749923706055,4.8741865158081055,40.48749923706055,37.06597900390625,4.486052989959717,37.06597900390625
367,41.05746841430664,4.85027551651001,41.05746841430664,53.555660247802734,6.010740280151367,53.555660247802734
368,34.765785217285156,4.558643817901611,34.765785217285156,46.59879684448242,4.559761047363281,46.59879684448242
369,40.43080520629883,4.926336288452148,40.43080520629883,51.11256790161133,5.617248058319092,51.11256790161133
370,40.30696105957031,4.839630603790283,40.30696105957031,56.815303802490234,5.546794891357422,56.815303802490234
371,35.6019172668457,4.5008134841918945,35.6019172668457,56.68742752075195,5.511337757110596,56.68742752075195
372,36.03323745727539,4.623939514160156,36.03323745727539,46.722389221191406,4.907788276672363,46.722389221191406
373,37.26215744018555,4.6387858390808105,37.26215744018555,29.356231689453125,4.406612873077393,29.356231689453125
374,34.587764739990234,4.550466537475586,34.587764739990234,32.96221923828125,4.477989673614502,32.96221923828125
375,38.73849868774414,4.693875789642334,38.73849868774414,26.533153533935547,4.022383213043213,26.533153533935547
376,37.93424987792969,4.6014204025268555,37.93424987792969,32.84312438964844,4.506021976470947,32.84312438964844
377,40.09054946899414,4.816847324371338,40.09054946899414,40.75835418701172,5.104069709777832,40.75835418701172
378,37.33236312866211,4.575748920440674,37.33236312866211,45.55852127075195,5.40851354598999,45.55852127075195
379,33.8010139465332,4.53583288192749,33.8010139465332,35.562110900878906,5.214986801147461,35.562110900878906
380,34.32495880126953,4.396108150482178,34.32495880126953,37.16318130493164,4.683617115020752,37.16318130493164
381,35.14129638671875,4.628973007202148,35.14129638671875,31.059656143188477,4.593238353729248,31.059656143188477
382,35.35334014892578,4.555688858032227,35.35334014892578,39.304378509521484,5.15424919128418,39.304378509521484
383,38.45230484008789,4.61198091506958,38.45230484008789,26.799468994140625,4.5354533195495605,26.799468994140625
384,39.495361328125,4.799092769622803,39.495361328125,7.962677955627441,2.5908021926879883,7.962677955627441
385,31.501306533813477,4.335853099822998,31.501306533813477,8.988434791564941,2.6962220668792725,8.988434791564941
386,31.888700485229492,4.390091419219971,31.888700485229492,31.767683029174805,4.257200241088867,31.767683029174805
387,35.90605926513672,4.611893177032471,35.90605926513672,49.11974334716797,5.136287689208984,49.11974334716797
388,34.41933059692383,4.4903693199157715,34.41933059692383,33.366275787353516,4.68543815612793,33.366275787353516
389,32.4586296081543,4.40764045715332,32.4586296081543,36.497467041015625,4.90407133102417,36.497467041015625
390,37.156166076660156,4.557111740112305,37.156166076660156,40.625038146972656,5.111736297607422,40.625038146972656
391,39.218143463134766,4.767786502838135,39.218143463134766,19.192550659179688,3.596299409866333,19.192550659179688
392,34.99796676635742,4.5426554679870605,34.99796676635742,24.311500549316406,4.023604869842529,24.311500549316406
393,35.762847900390625,4.51847505569458,35.762847900390625,62.93207931518555,6.102355003356934,62.93207931518555
