epoch,loss,mean_absolute_error,mean_squared_error,val_loss,val_mean_absolute_error,val_mean_squared_error
0,204.52438354492188,11.624098777770996,204.52438354492188,1104.2691650390625,30.226961135864258,1104.2691650390625
1,102.37503814697266,7.469719409942627,102.37503814697266,5061.21826171875,51.02953338623047,5061.21826171875
2,47.99560546875,5.331320285797119,47.99560546875,106423.15625,84.82197570800781,106423.15625
3,40.94972610473633,4.8191237449646,40.94972610473633,69.77272033691406,6.43182373046875,69.77272033691406
4,56.74710464477539,5.9943952560424805,56.74710464477539,8813005.0,2084.225830078125,8813005.0
5,50.20909881591797,5.335482120513916,50.20909881591797,32.77960968017578,4.38989782333374,32.77960968017578
6,44.970088958740234,5.308879852294922,44.970088958740234,21029.876953125,41.065765380859375,21029.876953125
7,46.74435043334961,5.306884288787842,46.74435043334961,64.02945709228516,5.989231109619141,64.02945709228516
8,44.5271110534668,5.088258266448975,44.5271110534668,34.725677490234375,5.1437835693359375,34.725677490234375
9,47.835121154785156,5.341309070587158,47.835121154785156,72.26776123046875,6.943582057952881,72.26776123046875
10,48.95863342285156,5.335681438446045,48.95863342285156,35.41864776611328,5.203897953033447,35.41864776611328
11,44.70903396606445,5.184694290161133,44.70903396606445,76.32984924316406,7.284001350402832,76.32984924316406
12,53.99503707885742,5.587275505065918,53.99503707885742,17.176904678344727,3.1350324153900146,17.176904678344727
13,43.187129974365234,4.840178966522217,43.187129974365234,30.41249656677246,4.070703983306885,30.41249656677246
14,46.75941848754883,5.170842170715332,46.75941848754883,16.821653366088867,3.592761754989624,16.821653366088867
15,55.72050476074219,6.001478672027588,55.72050476074219,96.70745849609375,7.253264904022217,96.70745849609375
16,45.5870361328125,5.251087665557861,45.5870361328125,86.01174926757812,5.69030237197876,86.01174926757812
17,52.34785079956055,5.4107255935668945,52.34785079956055,25.773727416992188,4.273619651794434,25.773727416992188
18,50.24589538574219,5.357824325561523,50.24589538574219,60.95335388183594,5.914151191711426,60.95335388183594
19,41.4887580871582,4.82584810256958,41.4887580871582,91.46637725830078,8.170243263244629,91.46637725830078
20,41.129371643066406,4.527469158172607,41.129371643066406,46.06102752685547,5.249870777130127,46.06102752685547
21,64.61261749267578,5.969521999359131,64.61261749267578,35.827213287353516,4.8021721839904785,35.827213287353516
22,47.31132888793945,4.922443389892578,47.31132888793945,30.954700469970703,4.654854774475098,30.954700469970703
23,43.52899932861328,4.81705904006958,43.52899932861328,25.602123260498047,3.915822744369507,25.602123260498047
24,44.4017219543457,5.004604816436768,44.4017219543457,23.242158889770508,4.038011074066162,23.242158889770508
25,50.16667938232422,4.944029808044434,50.16667938232422,63.110206604003906,5.941491603851318,63.110206604003906
26,46.145851135253906,4.873937606811523,46.145851135253906,45.15531539916992,5.096152305603027,45.15531539916992
27,37.088802337646484,4.522257328033447,37.088802337646484,41.219932556152344,4.860506057739258,41.219932556152344
28,37.5997200012207,4.631820201873779,37.5997200012207,43.388580322265625,5.396164417266846,43.388580322265625
29,32.906036376953125,4.2868733406066895,32.906036376953125,40.092864990234375,5.246456146240234,40.092864990234375
30,39.138946533203125,4.643721103668213,39.138946533203125,12.92000675201416,3.0030906200408936,12.92000675201416
31,37.43979263305664,4.550038814544678,37.43979263305664,12.750753402709961,3.0158493518829346,12.750753402709961
32,40.493927001953125,4.796181678771973,40.493927001953125,31.723058700561523,4.9360175132751465,31.723058700561523
33,36.448455810546875,4.57973051071167,36.448455810546875,62.62013244628906,5.629638195037842,62.62013244628906
34,36.36203384399414,4.52261209487915,36.36203384399414,87.87371826171875,7.085295677185059,87.87371826171875
35,32.828433990478516,4.543436050415039,32.828433990478516,49.05989456176758,5.230871677398682,49.05989456176758
36,37.878692626953125,4.66471004486084,37.878692626953125,17.674097061157227,3.3022098541259766,17.674097061157227
37,35.09816360473633,4.472229957580566,35.09816360473633,79.19640350341797,7.286777496337891,79.19640350341797
38,32.87625503540039,4.367923736572266,32.87625503540039,34.987125396728516,4.686634063720703,34.987125396728516
39,39.799415588378906,4.7794365882873535,39.799415588378906,12.615312576293945,3.046079635620117,12.615312576293945
40,37.80168914794922,4.736884117126465,37.80168914794922,28.317184448242188,4.087875843048096,28.317184448242188
41,33.55988311767578,4.509562969207764,33.55988311767578,23.215686798095703,4.256471633911133,23.215686798095703
42,37.71194839477539,4.668339729309082,37.71194839477539,43.8337516784668,5.3935370445251465,43.8337516784668
43,37.563819885253906,4.653360366821289,37.563819885253906,50.34499740600586,5.177641868591309,50.34499740600586
44,35.27927017211914,4.537248134613037,35.27927017211914,32.83049011230469,4.436990737915039,32.83049011230469
45,36.02805709838867,4.688504219055176,36.02805709838867,17.504976272583008,3.8607635498046875,17.504976272583008
46,29.800819396972656,4.241569995880127,29.800819396972656,23.471281051635742,3.852693796157837,23.471281051635742
47,41.01359176635742,4.807218551635742,41.01359176635742,19.062772750854492,3.589545726776123,19.062772750854492
48,29.762828826904297,4.194788932800293,29.762828826904297,31.96476173400879,4.232113361358643,31.96476173400879
49,35.64321517944336,4.582021713256836,35.64321517944336,26.868648529052734,4.026861190795898,26.868648529052734
50,39.4388313293457,4.803693771362305,39.4388313293457,59.64256286621094,6.097717761993408,59.64256286621094
51,37.205814361572266,4.645039081573486,37.205814361572266,39.671051025390625,5.320071220397949,39.671051025390625
52,32.582984924316406,4.402370452880859,32.582984924316406,30.649805068969727,4.157630920410156,30.649805068969727
53,40.6413688659668,4.805098056793213,40.6413688659668,35.447959899902344,4.774182319641113,35.447959899902344
54,35.86827850341797,4.660260200500488,35.86827850341797,77.58362579345703,6.368831157684326,77.58362579345703
55,33.37348937988281,4.537260055541992,33.37348937988281,19.906784057617188,3.547227621078491,19.906784057617188
56,35.99208450317383,4.711906909942627,35.99208450317383,32.88548278808594,4.470481872558594,32.88548278808594
57,37.31312942504883,4.66384744644165,37.31312942504883,35.287681579589844,4.5520172119140625,35.287681579589844
58,39.42581558227539,4.771495342254639,39.42581558227539,47.58856201171875,5.929022312164307,47.58856201171875
59,35.558719635009766,4.501761436462402,35.558719635009766,44.591529846191406,5.234384059906006,44.591529846191406
60,36.52064514160156,4.645843505859375,36.52064514160156,12.934118270874023,2.7511651515960693,12.934118270874023
61,41.397369384765625,4.85193395614624,41.397369384765625,19.89702606201172,3.6880478858947754,19.89702606201172
62,37.70326232910156,4.675340175628662,37.70326232910156,43.039432525634766,5.318207740783691,43.039432525634766
63,34.55490493774414,4.442992687225342,34.55490493774414,42.64521408081055,4.588291168212891,42.64521408081055
64,40.79408645629883,4.833470821380615,40.79408645629883,22.342548370361328,3.3296008110046387,22.342548370361328
65,36.297157287597656,4.70785665512085,36.297157287597656,46.346778869628906,5.1753926277160645,46.346778869628906
66,34.07115936279297,4.462711334228516,34.07115936279297,41.836727142333984,5.317861080169678,41.836727142333984
67,37.517765045166016,4.71311092376709,37.517765045166016,30.774242401123047,4.258971691131592,30.774242401123047
68,41.22953414916992,4.981578826904297,41.22953414916992,46.09373474121094,5.509265899658203,46.09373474121094
69,35.54016876220703,4.5442094802856445,35.54016876220703,29.595256805419922,4.387090682983398,29.595256805419922
70,34.80259323120117,4.591732025146484,34.80259323120117,26.523910522460938,3.827387571334839,26.523910522460938
71,39.687564849853516,4.783783912658691,39.687564849853516,34.5957145690918,4.5033440589904785,34.5957145690918
72,35.49043273925781,4.682929992675781,35.49043273925781,39.143192291259766,4.6560163497924805,39.143192291259766
73,33.917755126953125,4.50382661819458,33.917755126953125,26.868242263793945,3.998974084854126,26.868242263793945
74,29.942169189453125,4.181584358215332,29.942169189453125,25.708911895751953,3.8067331314086914,25.708911895751953
75,34.4300422668457,4.418731689453125,34.4300422668457,8.183701515197754,2.4208192825317383,8.183701515197754
76,33.66913604736328,4.4360880851745605,33.66913604736328,53.25223922729492,5.22305154800415,53.25223922729492
77,30.942094802856445,4.352386951446533,30.942094802856445,19.27859115600586,3.675468921661377,19.27859115600586
78,36.87754440307617,4.608843803405762,36.87754440307617,21.220020294189453,3.767282724380493,21.220020294189453
79,41.68556594848633,4.91079044342041,41.68556594848633,39.75873565673828,5.105392932891846,39.75873565673828
80,38.6910285949707,4.698139667510986,38.6910285949707,27.597902297973633,4.177769184112549,27.597902297973633
81,41.07185745239258,4.945615768432617,41.07185745239258,65.72000122070312,6.244759559631348,65.72000122070312
82,33.60747146606445,4.346542835235596,33.60747146606445,10.463920593261719,2.830171585083008,10.463920593261719
83,38.2373046875,4.763412952423096,38.2373046875,29.113788604736328,4.220206260681152,29.113788604736328
84,36.85012435913086,4.680270195007324,36.85012435913086,30.995576858520508,4.691921234130859,30.995576858520508
85,36.98915100097656,4.657686710357666,36.98915100097656,25.855497360229492,3.4464855194091797,25.855497360229492
86,38.714881896972656,4.691181182861328,38.714881896972656,55.7679443359375,5.1870293617248535,55.7679443359375
87,37.694618225097656,4.587082862854004,37.694618225097656,54.812313079833984,5.468373775482178,54.812313079833984
88,34.675201416015625,4.500624656677246,34.675201416015625,43.52992630004883,4.783572196960449,43.52992630004883
89,35.51347732543945,4.586552619934082,35.51347732543945,17.218307495117188,3.7046072483062744,17.218307495117188
90,35.89760208129883,4.482601165771484,35.89760208129883,33.9991569519043,4.687798023223877,33.9991569519043
91,36.85337448120117,4.666367530822754,36.85337448120117,9.773881912231445,2.5926427841186523,9.773881912231445
92,38.26769256591797,4.705921173095703,38.26769256591797,20.89612579345703,3.666792392730713,20.89612579345703
93,37.733642578125,4.741504669189453,37.733642578125,44.577362060546875,5.261981010437012,44.577362060546875
94,33.60834884643555,4.508941650390625,33.60834884643555,40.26285934448242,4.732415199279785,40.26285934448242
95,35.91339111328125,4.524929523468018,35.91339111328125,45.572296142578125,4.6469526290893555,45.572296142578125
96,38.2338981628418,4.618011951446533,38.2338981628418,34.741764068603516,4.434223175048828,34.741764068603516
97,35.331092834472656,4.502559185028076,35.331092834472656,23.182832717895508,3.795876979827881,23.182832717895508
98,34.812679290771484,4.548181056976318,34.812679290771484,44.34461975097656,5.151484489440918,44.34461975097656
99,37.08208084106445,4.639718532562256,37.08208084106445,9.557727813720703,2.843599557876587,9.557727813720703
100,34.53730392456055,4.483389854431152,34.53730392456055,56.27727508544922,5.900388240814209,56.27727508544922
101,38.663185119628906,4.677398681640625,38.663185119628906,30.673017501831055,4.942692279815674,30.673017501831055
102,39.90388488769531,4.772376537322998,39.90388488769531,43.00665283203125,4.823288917541504,43.00665283203125
103,38.04121780395508,4.718904495239258,38.04121780395508,34.89037322998047,4.626705646514893,34.89037322998047
104,37.95219802856445,4.73870849609375,37.95219802856445,26.27357292175293,3.6446290016174316,26.27357292175293
105,35.58600997924805,4.621579170227051,35.58600997924805,43.76741027832031,5.671278476715088,43.76741027832031
106,35.10880661010742,4.5736613273620605,35.10880661010742,22.27005386352539,3.9087605476379395,22.27005386352539
107,34.7065315246582,4.537272930145264,34.7065315246582,61.590301513671875,6.330862045288086,61.590301513671875
108,30.941444396972656,4.258489608764648,30.941444396972656,80.93779754638672,6.793833255767822,80.93779754638672
109,35.66401672363281,4.557451248168945,35.66401672363281,25.866056442260742,3.7777233123779297,25.866056442260742
110,32.22709274291992,4.471785545349121,32.22709274291992,33.355377197265625,4.749426364898682,33.355377197265625
111,38.96379852294922,4.7208709716796875,38.96379852294922,28.023269653320312,4.594408988952637,28.023269653320312
112,37.37980270385742,4.709962368011475,37.37980270385742,21.999065399169922,3.4805474281311035,21.999065399169922
113,38.54572677612305,4.745626926422119,38.54572677612305,24.602285385131836,3.9381165504455566,24.602285385131836
114,36.263511657714844,4.514931678771973,36.263511657714844,32.61461639404297,4.286019802093506,32.61461639404297
115,34.82679748535156,4.488385200500488,34.82679748535156,36.02156066894531,4.608468532562256,36.02156066894531
116,32.77577590942383,4.453363418579102,32.77577590942383,67.03316497802734,5.836818695068359,67.03316497802734
117,36.350196838378906,4.577144622802734,36.350196838378906,56.444915771484375,5.106930732727051,56.444915771484375
118,34.450748443603516,4.473433017730713,34.450748443603516,23.565317153930664,4.093160629272461,23.565317153930664
119,35.221378326416016,4.497686386108398,35.221378326416016,41.595062255859375,4.593198299407959,41.595062255859375
120,32.376461029052734,4.444272518157959,32.376461029052734,38.07050704956055,4.257297515869141,38.07050704956055
121,35.51619338989258,4.534582138061523,35.51619338989258,13.865029335021973,3.4535727500915527,13.865029335021973
122,34.85055923461914,4.435429096221924,34.85055923461914,63.091453552246094,6.442251682281494,63.091453552246094
123,33.523780822753906,4.445403575897217,33.523780822753906,38.695037841796875,5.0012006759643555,38.695037841796875
124,36.59675598144531,4.667842864990234,36.59675598144531,27.083498001098633,4.13014030456543,27.083498001098633
125,35.63491439819336,4.634011268615723,35.63491439819336,70.67507934570312,6.359905242919922,70.67507934570312
126,40.05351638793945,4.746811866760254,40.05351638793945,15.61410140991211,3.264143466949463,15.61410140991211
127,37.446136474609375,4.671632289886475,37.446136474609375,85.50306701660156,6.767167091369629,85.50306701660156
128,35.820858001708984,4.535123825073242,35.820858001708984,52.491065979003906,5.4450459480285645,52.491065979003906
129,41.123146057128906,4.9038987159729,41.123146057128906,57.73129653930664,6.178443431854248,57.73129653930664
130,39.77833938598633,4.810943126678467,39.77833938598633,35.614410400390625,4.341670989990234,35.614410400390625
131,38.35127258300781,4.6812872886657715,38.35127258300781,25.59751319885254,4.53535795211792,25.59751319885254
132,34.40338134765625,4.504573345184326,34.40338134765625,21.525407791137695,3.685760021209717,21.525407791137695
133,41.61030197143555,4.982359409332275,41.61030197143555,14.176283836364746,2.927107095718384,14.176283836364746
134,39.14760208129883,4.681588649749756,39.14760208129883,16.220605850219727,3.460390090942383,16.220605850219727
135,35.70302200317383,4.634523868560791,35.70302200317383,30.419225692749023,4.349922180175781,30.419225692749023
136,34.84969711303711,4.548691272735596,34.84969711303711,7.9794392585754395,2.334784507751465,7.9794392585754395
137,35.171878814697266,4.597981929779053,35.171878814697266,17.89483642578125,3.777353286743164,17.89483642578125
138,31.658920288085938,4.31198263168335,31.658920288085938,47.861427307128906,5.009332180023193,47.861427307128906
139,36.21791458129883,4.600753307342529,36.21791458129883,18.347909927368164,3.9343597888946533,18.347909927368164
140,37.57181930541992,4.652871608734131,37.57181930541992,37.082427978515625,5.237486362457275,37.082427978515625
141,35.134971618652344,4.5461506843566895,35.134971618652344,33.82417678833008,4.00855827331543,33.82417678833008
142,39.839569091796875,4.731401443481445,39.839569091796875,46.25408172607422,5.182216644287109,46.25408172607422
143,30.682445526123047,4.2749528884887695,30.682445526123047,47.46734619140625,4.833721160888672,47.46734619140625
144,39.2978630065918,4.69822883605957,39.2978630065918,13.133108139038086,2.9779443740844727,13.133108139038086
145,32.984859466552734,4.452838897705078,32.984859466552734,28.698612213134766,4.571620941162109,28.698612213134766
146,42.297916412353516,4.955771446228027,42.297916412353516,47.22385787963867,4.83662748336792,47.22385787963867
147,35.980892181396484,4.507480144500732,35.980892181396484,37.921382904052734,5.191546440124512,37.921382904052734
148,36.844303131103516,4.657283306121826,36.844303131103516,31.299854278564453,4.0399370193481445,31.299854278564453
149,38.63993835449219,4.823039531707764,38.63993835449219,38.580387115478516,4.452359676361084,38.580387115478516
150,40.228179931640625,4.860021591186523,40.228179931640625,21.899532318115234,4.113813400268555,21.899532318115234
151,36.556461334228516,4.673337936401367,36.556461334228516,16.878795623779297,3.629829168319702,16.878795623779297
152,40.56635284423828,4.83329439163208,40.56635284423828,21.65468978881836,3.992863893508911,21.65468978881836
153,36.928245544433594,4.6662492752075195,36.928245544433594,39.12007522583008,4.807445526123047,39.12007522583008
154,39.52001953125,4.655645370483398,39.52001953125,42.07389831542969,5.147766590118408,42.07389831542969
155,38.12621307373047,4.65065860748291,38.12621307373047,34.31597137451172,4.502262115478516,34.31597137451172
156,32.7986946105957,4.436079978942871,32.7986946105957,21.404109954833984,4.067840576171875,21.404109954833984
157,38.91038513183594,4.787836074829102,38.91038513183594,45.3450813293457,5.4673027992248535,45.3450813293457
158,35.95045471191406,4.542250156402588,35.95045471191406,36.03330612182617,4.301484107971191,36.03330612182617
159,33.66675567626953,4.463970184326172,33.66675567626953,36.92923355102539,4.483160018920898,36.92923355102539
160,39.14998245239258,4.806193828582764,39.14998245239258,34.93260192871094,4.666676998138428,34.93260192871094
161,38.60976791381836,4.768965721130371,38.60976791381836,15.19064712524414,3.2911767959594727,15.19064712524414
162,35.813602447509766,4.666856288909912,35.813602447509766,32.17353820800781,3.912259817123413,32.17353820800781
163,37.39616394042969,4.662149429321289,37.39616394042969,24.78534698486328,4.002264022827148,24.78534698486328
164,38.53888702392578,4.781071186065674,38.53888702392578,24.4875545501709,3.931347608566284,24.4875545501709
165,38.52350997924805,4.713444709777832,38.52350997924805,22.714859008789062,3.909075975418091,22.714859008789062
166,38.788063049316406,4.787875175476074,38.788063049316406,36.37862014770508,4.842743396759033,36.37862014770508
167,38.0598258972168,4.760332107543945,38.0598258972168,17.41844940185547,3.787996530532837,17.41844940185547
168,37.51823425292969,4.745321273803711,37.51823425292969,27.458377838134766,4.151091575622559,27.458377838134766
169,40.45098876953125,4.818182468414307,40.45098876953125,61.599395751953125,6.267520904541016,61.599395751953125
170,37.324058532714844,4.76723051071167,37.324058532714844,14.386421203613281,3.261228561401367,14.386421203613281
171,38.0601806640625,4.813144207000732,38.0601806640625,67.02031707763672,6.412428379058838,67.02031707763672
172,36.44499206542969,4.634947299957275,36.44499206542969,24.20220184326172,3.8059637546539307,24.20220184326172
173,38.649837493896484,4.8268656730651855,38.649837493896484,37.50927734375,4.680800437927246,37.50927734375
174,36.49795150756836,4.6236186027526855,36.49795150756836,60.471744537353516,5.89021635055542,60.471744537353516
175,37.60195541381836,4.722513198852539,37.60195541381836,22.0404109954834,3.4298086166381836,22.0404109954834
176,36.95329666137695,4.5468902587890625,36.95329666137695,23.26368522644043,4.184107780456543,23.26368522644043
177,32.629703521728516,4.296706199645996,32.629703521728516,22.342342376708984,3.929544687271118,22.342342376708984
178,37.32168197631836,4.68972110748291,37.32168197631836,35.14809036254883,4.724925994873047,35.14809036254883
179,39.64220428466797,4.769534111022949,39.64220428466797,32.83925247192383,4.5629119873046875,32.83925247192383
180,37.770015716552734,4.6515655517578125,37.770015716552734,38.784873962402344,4.8138556480407715,38.784873962402344
181,37.71636199951172,4.7953996658325195,37.71636199951172,21.728622436523438,4.219410419464111,21.728622436523438
182,35.853271484375,4.590641975402832,35.853271484375,37.943931579589844,5.452328681945801,37.943931579589844
183,35.992557525634766,4.541534900665283,35.992557525634766,19.533411026000977,3.72719669342041,19.533411026000977
184,39.244205474853516,4.7329792976379395,39.244205474853516,42.418460845947266,5.315642833709717,42.418460845947266
185,40.720272064208984,4.845026016235352,40.720272064208984,55.86490249633789,5.339475631713867,55.86490249633789
186,36.17397689819336,4.636288642883301,36.17397689819336,17.75261688232422,3.270505905151367,17.75261688232422
187,34.39474868774414,4.490915775299072,34.39474868774414,23.970624923706055,3.8085453510284424,23.970624923706055
188,39.526485443115234,4.813579082489014,39.526485443115234,16.39114761352539,3.493426561355591,16.39114761352539
189,38.05940246582031,4.665956020355225,38.05940246582031,59.11703872680664,5.68058443069458,59.11703872680664
190,39.81318664550781,4.815351486206055,39.81318664550781,42.836483001708984,4.533785820007324,42.836483001708984
191,38.4586067199707,4.714928150177002,38.4586067199707,22.6575927734375,3.7864208221435547,22.6575927734375
192,40.13045883178711,4.828965187072754,40.13045883178711,59.344825744628906,6.109568119049072,59.344825744628906
193,35.120140075683594,4.513913631439209,35.120140075683594,43.107940673828125,5.1599931716918945,43.107940673828125
194,36.8875846862793,4.636480808258057,36.8875846862793,21.020694732666016,3.8783295154571533,21.020694732666016
195,36.24837112426758,4.5426249504089355,36.24837112426758,55.41578674316406,6.066884994506836,55.41578674316406
196,36.34650802612305,4.596593856811523,36.34650802612305,12.851799011230469,3.1483912467956543,12.851799011230469
197,36.11396789550781,4.561474800109863,36.11396789550781,29.41630744934082,4.315478324890137,29.41630744934082
198,38.8912467956543,4.750899314880371,38.8912467956543,49.91272735595703,5.005967617034912,49.91272735595703
199,33.47636413574219,4.449277877807617,33.47636413574219,22.154720306396484,3.975754737854004,22.154720306396484
200,33.5560417175293,4.502028942108154,33.5560417175293,37.90053939819336,4.8460283279418945,37.90053939819336
201,39.349403381347656,4.7354655265808105,39.349403381347656,35.469051361083984,5.000349044799805,35.469051361083984
202,35.5919189453125,4.619088172912598,35.5919189453125,19.110883712768555,3.8107213973999023,19.110883712768555
203,40.235107421875,4.9402689933776855,40.235107421875,39.26913070678711,5.00187873840332,39.26913070678711
204,40.35953140258789,4.828369140625,40.35953140258789,41.736751556396484,5.141432285308838,41.736751556396484
205,39.51382827758789,4.742831230163574,39.51382827758789,38.70780944824219,4.721111297607422,38.70780944824219
206,38.16692352294922,4.756440162658691,38.16692352294922,19.087247848510742,3.7025411128997803,19.087247848510742
207,33.2523307800293,4.5311784744262695,33.2523307800293,43.12964630126953,5.202253341674805,43.12964630126953
208,35.93018341064453,4.582517623901367,35.93018341064453,39.842369079589844,5.380317687988281,39.842369079589844
209,38.8417854309082,4.740518093109131,38.8417854309082,35.94492721557617,4.2492265701293945,35.94492721557617
210,36.38979721069336,4.529795169830322,36.38979721069336,35.2899055480957,4.5744781494140625,35.2899055480957
211,38.546363830566406,4.732361316680908,38.546363830566406,40.085811614990234,4.539187908172607,40.085811614990234
212,33.985897064208984,4.602055072784424,33.985897064208984,31.70746612548828,4.41853666305542,31.70746612548828
213,38.70439529418945,4.796650409698486,38.70439529418945,12.831352233886719,3.170355796813965,12.831352233886719
214,39.91236114501953,4.826003074645996,39.91236114501953,15.379223823547363,3.6569461822509766,15.379223823547363
215,37.835044860839844,4.627936363220215,37.835044860839844,23.744665145874023,3.7646632194519043,23.744665145874023
216,37.85580062866211,4.652515888214111,37.85580062866211,35.28780746459961,4.462103366851807,35.28780746459961
217,36.294742584228516,4.550034999847412,36.294742584228516,35.307395935058594,3.8685898780822754,35.307395935058594
218,38.45801544189453,4.71265983581543,38.45801544189453,64.48056030273438,6.020980358123779,64.48056030273438
219,37.42103576660156,4.612044334411621,37.42103576660156,40.85503387451172,4.316066265106201,40.85503387451172
220,34.84071731567383,4.571282386779785,34.84071731567383,27.341176986694336,3.9419147968292236,27.341176986694336
221,41.17124557495117,4.916530609130859,41.17124557495117,34.20919418334961,4.639026165008545,34.20919418334961
222,39.30051803588867,4.807233810424805,39.30051803588867,59.505462646484375,5.724196910858154,59.505462646484375
223,37.36937713623047,4.628517150878906,37.36937713623047,37.55332565307617,5.056102752685547,37.55332565307617
224,35.58146667480469,4.553656578063965,35.58146667480469,20.729415893554688,3.6714212894439697,20.729415893554688
225,32.8372688293457,4.417384147644043,32.8372688293457,15.127876281738281,3.2276759147644043,15.127876281738281
226,39.114986419677734,4.824827671051025,39.114986419677734,29.973838806152344,4.724889278411865,29.973838806152344
227,34.14790725708008,4.356086254119873,34.14790725708008,90.52645111083984,7.163570880889893,90.52645111083984
228,34.60878372192383,4.487607002258301,34.60878372192383,19.530963897705078,3.557291030883789,19.530963897705078
229,37.32627487182617,4.620850563049316,37.32627487182617,42.531158447265625,4.489282131195068,42.531158447265625
230,34.020999908447266,4.485612392425537,34.020999908447266,44.920814514160156,4.741191864013672,44.920814514160156
231,36.72703552246094,4.598841667175293,36.72703552246094,35.56949996948242,3.6847469806671143,35.56949996948242
232,38.12135314941406,4.661081314086914,38.12135314941406,23.93505859375,3.900524854660034,23.93505859375
233,39.571895599365234,4.8387451171875,39.571895599365234,22.390871047973633,3.6143698692321777,22.390871047973633
234,33.53995132446289,4.433933734893799,33.53995132446289,52.780967712402344,5.502315044403076,52.780967712402344
235,35.15535354614258,4.522642612457275,35.15535354614258,24.878904342651367,3.658177614212036,24.878904342651367
236,37.57585144042969,4.646820068359375,37.57585144042969,36.81121826171875,4.642932891845703,36.81121826171875
237,36.39432144165039,4.637185573577881,36.39432144165039,34.79779052734375,4.845105171203613,34.79779052734375
238,36.68170928955078,4.632505893707275,36.68170928955078,68.15521240234375,6.156167984008789,68.15521240234375
239,41.037132263183594,4.873383522033691,41.037132263183594,64.56871032714844,6.109009742736816,64.56871032714844
240,39.5880126953125,4.749699115753174,39.5880126953125,54.52924728393555,5.647362232208252,54.52924728393555
241,35.40819549560547,4.677084922790527,35.40819549560547,53.988136291503906,5.577474117279053,53.988136291503906
242,37.48781204223633,4.6955742835998535,37.48781204223633,29.645694732666016,4.263801097869873,29.645694732666016
243,35.417720794677734,4.539448261260986,35.417720794677734,21.853580474853516,3.417356014251709,21.853580474853516
244,34.59880828857422,4.431425094604492,34.59880828857422,22.84391212463379,4.146657943725586,22.84391212463379
245,38.01215362548828,4.674564361572266,38.01215362548828,44.127113342285156,5.264457702636719,44.127113342285156
246,41.44345474243164,4.926182746887207,41.44345474243164,27.62594223022461,3.910219430923462,27.62594223022461
